6.164680000000000000e+05 3.941180000000000000e+05
1.315320000000000000e+05 5.366580000000000000e+05
6.725980000000000000e+05 8.569280000000000000e+05
8.014820000000000000e+05 3.276440000000000000e+05
5.961790000000000000e+05 5.295560000000000000e+05
3.983110000000000000e+05 3.833570000000000000e+05
1.448560000000000000e+05 5.518070000000000000e+05
3.085550000000000000e+05 1.340110000000000000e+05
2.045970000000000000e+05 8.631620000000000000e+05
8.061310000000000000e+05 3.127520000000000000e+05
6.584030000000000000e+05 6.113320000000000000e+05
1.706160000000000000e+05 3.526100000000000000e+05
3.888060000000000000e+05 5.695240000000000000e+05
2.693540000000000000e+05 8.118470000000000000e+05
1.458670000000000000e+05 3.636160000000000000e+05
2.089410000000000000e+05 8.601690000000000000e+05
1.719860000000000000e+05 4.293060000000000000e+05
8.403490000000000000e+05 7.907070000000000000e+05
8.244750000000000000e+05 5.180630000000000000e+05
3.845720000000000000e+05 3.885230000000000000e+05
9.721600000000000000e+04 5.640940000000000000e+05
8.230650000000000000e+05 7.337890000000000000e+05
5.014160000000000000e+05 1.729800000000000000e+05
8.387640000000000000e+05 6.527920000000000000e+05
5.617250000000000000e+05 1.682200000000000000e+05
8.551770000000000000e+05 6.263760000000000000e+05
8.334370000000000000e+05 5.567130000000000000e+05
2.714240000000000000e+05 2.513230000000000000e+05
4.700410000000000000e+05 1.020490000000000000e+05
2.869900000000000000e+05 5.295050000000000000e+05
1.639560000000000000e+05 8.337320000000000000e+05
8.246240000000000000e+05 3.817160000000000000e+05
6.002020000000000000e+05 6.220790000000000000e+05
1.727560000000000000e+05 6.126940000000000000e+05
3.714980000000000000e+05 3.931200000000000000e+05
5.204610000000000000e+05 1.732170000000000000e+05
4.837760000000000000e+05 2.130210000000000000e+05
2.752880000000000000e+05 2.123150000000000000e+05
6.991240000000000000e+05 8.240890000000000000e+05
2.826220000000000000e+05 8.792220000000000000e+05
1.564740000000000000e+05 5.703840000000000000e+05
3.864150000000000000e+05 8.014440000000000000e+05
4.231460000000000000e+05 7.375710000000000000e+05
2.002510000000000000e+05 3.062150000000000000e+05
8.019030000000000000e+05 3.127940000000000000e+05
3.830520000000000000e+05 8.906100000000000000e+04
8.202380000000000000e+05 7.329280000000000000e+05
8.277110000000000000e+05 7.327980000000000000e+05
6.515760000000000000e+05 8.651800000000000000e+05
1.698800000000000000e+05 3.431220000000000000e+05
6.059110000000000000e+05 3.799900000000000000e+05
2.510320000000000000e+05 8.761180000000000000e+05
1.680670000000000000e+05 3.402490000000000000e+05
1.446200000000000000e+05 5.753700000000000000e+05
1.669040000000000000e+05 5.031210000000000000e+05
5.020020000000000000e+05 1.662230000000000000e+05
8.585160000000000000e+05 1.513010000000000000e+05
2.871270000000000000e+05 1.924940000000000000e+05
7.894480000000000000e+05 7.380350000000000000e+05
2.227040000000000000e+05 8.249090000000000000e+05
5.554290000000000000e+05 6.045510000000000000e+05
2.691260000000000000e+05 5.088140000000000000e+05
3.000210000000000000e+05 1.591850000000000000e+05
1.707880000000000000e+05 3.735450000000000000e+05
3.304550000000000000e+05 5.687580000000000000e+05
3.874610000000000000e+05 3.944020000000000000e+05
1.973620000000000000e+05 8.703370000000000000e+05
6.016190000000000000e+05 8.256040000000000000e+05
1.950000000000000000e+05 3.548290000000000000e+05
2.744950000000000000e+05 1.824700000000000000e+05
1.718480000000000000e+05 3.432420000000000000e+05
8.605630000000000000e+05 5.348390000000000000e+05
8.535620000000000000e+05 5.316200000000000000e+05
8.086860000000000000e+05 3.322090000000000000e+05
2.414850000000000000e+05 5.230390000000000000e+05
1.603690000000000000e+05 3.535000000000000000e+05
6.400000000000000000e+05 8.638310000000000000e+05
8.584180000000000000e+05 5.469350000000000000e+05
8.195800000000000000e+05 5.459000000000000000e+05
6.115080000000000000e+05 5.032200000000000000e+05
6.777690000000000000e+05 8.416410000000000000e+05
4.843480000000000000e+05 2.028130000000000000e+05
4.703140000000000000e+05 1.789360000000000000e+05
6.823150000000000000e+05 8.438510000000000000e+05
6.955140000000000000e+05 3.215210000000000000e+05
4.152700000000000000e+05 7.756050000000000000e+05
3.114080000000000000e+05 1.682320000000000000e+05
2.059190000000000000e+05 8.443770000000000000e+05
8.797220000000000000e+05 5.502460000000000000e+05
6.426070000000000000e+05 3.747020000000000000e+05
2.246940000000000000e+05 8.486630000000000000e+05
8.608700000000000000e+05 5.465160000000000000e+05
8.500570000000000000e+05 1.578480000000000000e+05
1.798300000000000000e+05 5.473830000000000000e+05
5.122410000000000000e+05 1.692400000000000000e+05
8.616560000000000000e+05 5.457940000000000000e+05
8.615190000000000000e+05 5.312770000000000000e+05
6.712350000000000000e+05 8.566530000000000000e+05
2.208690000000000000e+05 4.073580000000000000e+05
3.587930000000000000e+05 5.470460000000000000e+05
8.015390000000000000e+05 3.184820000000000000e+05
2.551850000000000000e+05 8.259600000000000000e+05
2.867690000000000000e+05 8.621520000000000000e+05
8.141080000000000000e+05 3.440960000000000000e+05
2.707290000000000000e+05 6.732900000000000000e+04
1.253510000000000000e+05 5.299540000000000000e+05
7.798970000000000000e+05 2.795720000000000000e+05
1.656070000000000000e+05 3.628830000000000000e+05
1.951510000000000000e+05 3.177530000000000000e+05
1.241320000000000000e+05 3.404480000000000000e+05
6.192950000000000000e+05 3.976430000000000000e+05
3.419250000000000000e+05 5.693930000000000000e+05
3.772300000000000000e+05 7.901540000000000000e+05
3.925760000000000000e+05 4.064600000000000000e+05
3.565000000000000000e+05 1.881140000000000000e+05
8.460820000000000000e+05 5.410260000000000000e+05
1.640460000000000000e+05 3.461090000000000000e+05
8.799020000000000000e+05 5.186470000000000000e+05
1.778580000000000000e+05 3.522550000000000000e+05
4.657340000000000000e+05 1.140900000000000000e+05
8.715440000000000000e+05 1.441350000000000000e+05
6.019000000000000000e+05 5.693910000000000000e+05
4.154950000000000000e+05 1.161260000000000000e+05
8.239740000000000000e+05 7.250250000000000000e+05
4.395140000000000000e+05 7.582210000000000000e+05
3.339340000000000000e+05 5.374640000000000000e+05
2.937460000000000000e+05 5.444680000000000000e+05
3.166420000000000000e+05 5.533400000000000000e+05
5.976200000000000000e+05 5.862260000000000000e+05
5.996470000000000000e+05 8.587020000000000000e+05
3.694800000000000000e+05 3.771480000000000000e+05
3.765570000000000000e+05 1.093200000000000000e+05
1.891020000000000000e+05 3.330740000000000000e+05
1.358490000000000000e+05 5.506120000000000000e+05
1.639250000000000000e+05 5.766660000000000000e+05
2.948320000000000000e+05 1.242840000000000000e+05
3.633040000000000000e+05 5.537640000000000000e+05
2.135580000000000000e+05 8.737140000000000000e+05
1.703840000000000000e+05 3.399790000000000000e+05
5.068120000000000000e+05 1.670310000000000000e+05
8.429070000000000000e+05 1.339920000000000000e+05
2.440490000000000000e+05 8.177100000000000000e+05
8.171350000000000000e+05 3.499250000000000000e+05
1.884800000000000000e+05 8.706460000000000000e+05
1.157810000000000000e+05 5.949420000000000000e+05
6.239890000000000000e+05 3.686620000000000000e+05
8.388210000000000000e+05 5.638420000000000000e+05
3.774080000000000000e+05 3.951230000000000000e+05
4.295860000000000000e+05 7.756210000000000000e+05
5.053840000000000000e+05 1.745350000000000000e+05
8.610690000000000000e+05 5.483270000000000000e+05
4.259910000000000000e+05 7.870290000000000000e+05
1.974630000000000000e+05 3.785130000000000000e+05
5.410060000000000000e+05 1.751980000000000000e+05
6.172960000000000000e+05 3.868640000000000000e+05
6.169260000000000000e+05 3.986970000000000000e+05
5.885970000000000000e+05 6.225920000000000000e+05
8.916990000000000000e+05 1.704150000000000000e+05
3.795930000000000000e+05 3.806620000000000000e+05
3.414460000000000000e+05 5.387870000000000000e+05
6.216220000000000000e+05 3.902980000000000000e+05
3.348120000000000000e+05 1.374310000000000000e+05
8.723600000000000000e+04 6.074290000000000000e+05
8.495990000000000000e+05 1.570840000000000000e+05
8.331820000000000000e+05 3.797140000000000000e+05
2.770270000000000000e+05 5.368470000000000000e+05
4.140360000000000000e+05 7.421890000000000000e+05
6.215600000000000000e+05 3.977890000000000000e+05
8.326510000000000000e+05 3.734690000000000000e+05
3.440960000000000000e+05 5.755220000000000000e+05
8.392800000000000000e+05 5.393240000000000000e+05
8.142490000000000000e+05 4.884830000000000000e+05
2.503940000000000000e+05 8.475770000000000000e+05
8.547690000000000000e+05 7.139410000000000000e+05
5.208450000000000000e+05 1.762910000000000000e+05
2.967630000000000000e+05 5.286760000000000000e+05
3.470390000000000000e+05 1.954680000000000000e+05
3.284250000000000000e+05 1.598260000000000000e+05
5.797120000000000000e+05 5.683540000000000000e+05
5.910510000000000000e+05 3.894430000000000000e+05
6.688790000000000000e+05 3.886170000000000000e+05
6.443010000000000000e+05 9.250340000000000000e+05
3.523810000000000000e+05 5.923770000000000000e+05
7.100820000000000000e+05 8.816000000000000000e+05
4.860340000000000000e+05 1.961220000000000000e+05
9.202490000000000000e+05 5.511710000000000000e+05
1.739080000000000000e+05 3.620980000000000000e+05
2.915610000000000000e+05 8.454500000000000000e+05
1.594280000000000000e+05 3.003640000000000000e+05
6.628300000000000000e+05 4.209550000000000000e+05
5.567800000000000000e+05 4.092050000000000000e+05
3.438510000000000000e+05 1.936180000000000000e+05
8.036030000000000000e+05 3.272550000000000000e+05
4.996760000000000000e+05 1.968970000000000000e+05
6.825100000000000000e+05 9.059020000000000000e+05
4.996370000000000000e+05 1.940360000000000000e+05
5.129000000000000000e+05 2.192520000000000000e+05
5.549380000000000000e+05 3.478750000000000000e+05
3.192830000000000000e+05 1.589830000000000000e+05
1.051930000000000000e+05 5.960170000000000000e+05
4.081470000000000000e+05 4.366280000000000000e+05
4.306860000000000000e+05 8.445060000000000000e+05
3.618750000000000000e+05 4.481990000000000000e+05
8.654890000000000000e+05 5.489200000000000000e+05
1.588710000000000000e+05 3.123800000000000000e+05
8.388080000000000000e+05 5.249440000000000000e+05
4.606280000000000000e+05 4.341070000000000000e+05
8.486280000000000000e+05 5.037730000000000000e+05
6.979590000000000000e+05 6.147010000000000000e+05
4.167630000000000000e+05 9.663900000000000000e+04
6.016440000000000000e+05 4.368310000000000000e+05
8.080690000000000000e+05 1.344020000000000000e+05
2.406450000000000000e+05 8.555140000000000000e+05
5.190030000000000000e+05 1.607410000000000000e+05
5.940100000000000000e+05 5.700950000000000000e+05
5.599330000000000000e+05 4.039560000000000000e+05
1.407170000000000000e+05 5.540930000000000000e+05
6.746590000000000000e+05 8.608940000000000000e+05
1.337950000000000000e+05 3.605180000000000000e+05
3.895100000000000000e+05 3.708970000000000000e+05
6.151750000000000000e+05 3.976270000000000000e+05
6.126480000000000000e+05 7.722800000000000000e+05
1.185900000000000000e+05 8.571500000000000000e+05
6.183490000000000000e+05 3.976140000000000000e+05
5.602370000000000000e+05 5.001540000000000000e+05
5.874660000000000000e+05 5.649530000000000000e+05
5.785090000000000000e+05 9.238810000000000000e+05
1.708370000000000000e+05 3.539680000000000000e+05
4.076260000000000000e+05 7.713040000000000000e+05
8.791040000000000000e+05 5.953890000000000000e+05
8.756400000000000000e+05 5.612620000000000000e+05
5.472700000000000000e+05 4.033840000000000000e+05
3.574670000000000000e+05 7.975300000000000000e+05
6.626840000000000000e+05 8.136620000000000000e+05
2.767410000000000000e+05 1.438440000000000000e+05
3.287750000000000000e+05 1.565010000000000000e+05
8.830620000000000000e+05 5.474980000000000000e+05
5.827770000000000000e+05 5.426700000000000000e+05
1.439120000000000000e+05 5.957720000000000000e+05
1.341340000000000000e+05 8.426300000000000000e+05
5.011110000000000000e+05 1.574020000000000000e+05
4.115260000000000000e+05 7.846580000000000000e+05
8.336610000000000000e+05 3.897330000000000000e+05
6.059580000000000000e+05 5.737280000000000000e+05
3.479330000000000000e+05 7.971480000000000000e+05
4.020690000000000000e+05 4.348680000000000000e+05
4.003050000000000000e+05 4.660240000000000000e+05
6.512160000000000000e+05 8.150980000000000000e+05
8.597030000000000000e+05 1.567820000000000000e+05
8.228830000000000000e+05 7.283140000000000000e+05
3.218220000000000000e+05 1.871020000000000000e+05
3.115160000000000000e+05 9.418900000000000000e+04
1.777280000000000000e+05 3.526870000000000000e+05
3.876310000000000000e+05 7.494160000000000000e+05
2.840770000000000000e+05 9.051810000000000000e+05
6.000320000000000000e+05 5.753100000000000000e+05
1.863800000000000000e+05 3.639380000000000000e+05
2.675210000000000000e+05 1.199410000000000000e+05
6.041570000000000000e+05 5.741910000000000000e+05
1.183910000000000000e+05 5.536250000000000000e+05
6.043520000000000000e+05 5.734250000000000000e+05
8.084890000000000000e+05 3.170210000000000000e+05
3.726210000000000000e+05 7.722580000000000000e+05
1.014270000000000000e+05 6.158900000000000000e+05
3.217750000000000000e+05 1.648460000000000000e+05
1.751690000000000000e+05 3.494540000000000000e+05
1.794630000000000000e+05 3.612790000000000000e+05
3.250570000000000000e+05 5.811210000000000000e+05
3.733390000000000000e+05 3.985650000000000000e+05
9.063820000000000000e+05 5.344590000000000000e+05
1.255480000000000000e+05 5.524240000000000000e+05
1.048620000000000000e+05 6.080890000000000000e+05
5.954110000000000000e+05 4.137060000000000000e+05
8.534390000000000000e+05 5.185680000000000000e+05
6.051000000000000000e+05 5.733070000000000000e+05
1.617800000000000000e+05 3.245230000000000000e+05
5.196800000000000000e+05 2.083780000000000000e+05
2.457070000000000000e+05 8.444660000000000000e+05
6.694090000000000000e+05 4.158930000000000000e+05
4.675350000000000000e+05 4.160140000000000000e+05
8.720330000000000000e+05 5.589240000000000000e+05
3.838320000000000000e+05 3.405060000000000000e+05
3.500560000000000000e+05 5.666570000000000000e+05
2.605900000000000000e+05 8.279550000000000000e+05
5.229930000000000000e+05 5.955810000000000000e+05
8.044080000000000000e+05 3.376830000000000000e+05
5.141730000000000000e+05 1.393300000000000000e+05
6.659650000000000000e+05 4.492730000000000000e+05
3.269590000000000000e+05 1.546550000000000000e+05
8.317790000000000000e+05 5.771610000000000000e+05
8.466930000000000000e+05 4.290310000000000000e+05
5.631820000000000000e+05 3.675210000000000000e+05
3.059010000000000000e+05 1.666560000000000000e+05
6.031930000000000000e+05 3.718670000000000000e+05
3.487730000000000000e+05 5.835280000000000000e+05
4.911450000000000000e+05 2.063440000000000000e+05
6.060110000000000000e+05 5.694260000000000000e+05
8.248350000000000000e+05 7.049970000000000000e+05
5.042430000000000000e+05 2.373360000000000000e+05
8.001230000000000000e+05 3.123120000000000000e+05
5.233290000000000000e+05 4.046320000000000000e+05
4.160190000000000000e+05 7.875620000000000000e+05
8.300650000000000000e+05 7.391620000000000000e+05
3.324700000000000000e+05 1.612020000000000000e+05
5.764880000000000000e+05 3.979130000000000000e+05
8.145610000000000000e+05 5.752810000000000000e+05
7.862270000000000000e+05 7.656340000000000000e+05
4.027100000000000000e+05 4.243670000000000000e+05
3.076160000000000000e+05 2.072950000000000000e+05
8.404250000000000000e+05 7.622900000000000000e+05
6.181570000000000000e+05 3.849900000000000000e+05
6.340040000000000000e+05 8.952060000000000000e+05
4.181990000000000000e+05 8.514390000000000000e+05
8.467310000000000000e+05 1.625150000000000000e+05
8.469360000000000000e+05 1.613130000000000000e+05
8.232020000000000000e+05 6.191030000000000000e+05
4.160390000000000000e+05 7.305940000000000000e+05
3.595200000000000000e+05 1.328450000000000000e+05
6.685190000000000000e+05 8.600480000000000000e+05
6.819410000000000000e+05 3.702250000000000000e+05
4.689070000000000000e+05 4.488850000000000000e+05
3.415590000000000000e+05 5.621630000000000000e+05
1.668400000000000000e+05 5.624250000000000000e+05
9.104350000000000000e+05 1.711550000000000000e+05
1.824350000000000000e+05 3.655080000000000000e+05
1.377870000000000000e+05 5.661890000000000000e+05
6.802610000000000000e+05 8.634010000000000000e+05
6.705190000000000000e+05 8.700100000000000000e+05
1.469240000000000000e+05 5.659330000000000000e+05
2.611200000000000000e+05 8.041530000000000000e+05
8.019100000000000000e+05 3.254340000000000000e+05
2.242250000000000000e+05 3.769750000000000000e+05
6.744960000000000000e+05 8.706640000000000000e+05
6.630950000000000000e+05 9.490450000000000000e+05
4.156310000000000000e+05 8.050100000000000000e+05
6.179100000000000000e+05 5.922930000000000000e+05
1.780050000000000000e+05 5.949570000000000000e+05
6.287150000000000000e+05 4.347720000000000000e+05
4.252600000000000000e+05 7.736610000000000000e+05
1.399030000000000000e+05 5.922410000000000000e+05
1.093170000000000000e+05 5.314250000000000000e+05
4.443360000000000000e+05 8.200610000000000000e+05
4.155340000000000000e+05 1.105260000000000000e+05
5.288260000000000000e+05 1.540670000000000000e+05
5.820570000000000000e+05 5.431240000000000000e+05
8.956800000000000000e+05 6.093410000000000000e+05
4.025660000000000000e+05 4.157980000000000000e+05
8.535540000000000000e+05 1.580120000000000000e+05
1.613870000000000000e+05 3.436170000000000000e+05
3.400320000000000000e+05 5.617400000000000000e+05
4.463070000000000000e+05 7.965230000000000000e+05
3.822220000000000000e+05 4.418170000000000000e+05
6.446930000000000000e+05 8.673710000000000000e+05
6.299980000000000000e+05 8.777650000000000000e+05
8.037800000000000000e+05 3.344410000000000000e+05
1.987120000000000000e+05 3.032990000000000000e+05
6.058990000000000000e+05 4.124280000000000000e+05
4.248110000000000000e+05 4.133000000000000000e+05
5.027370000000000000e+05 1.744370000000000000e+05
7.231730000000000000e+05 8.725250000000000000e+05
5.611100000000000000e+05 2.198650000000000000e+05
3.831970000000000000e+05 4.098690000000000000e+05
2.731650000000000000e+05 8.527660000000000000e+05
8.489760000000000000e+05 5.587060000000000000e+05
1.983500000000000000e+04 5.702900000000000000e+05
3.971370000000000000e+05 7.425470000000000000e+05
5.898620000000000000e+05 4.187420000000000000e+05
9.160820000000000000e+05 5.176330000000000000e+05
5.837280000000000000e+05 5.631460000000000000e+05
1.330230000000000000e+05 5.745720000000000000e+05
5.047280000000000000e+05 1.745410000000000000e+05
8.079290000000000000e+05 7.309500000000000000e+05
8.102530000000000000e+05 3.238730000000000000e+05
1.652840000000000000e+05 4.259780000000000000e+05
3.349830000000000000e+05 5.726900000000000000e+05
4.030040000000000000e+05 6.134660000000000000e+05
1.179590000000000000e+05 5.361560000000000000e+05
1.794830000000000000e+05 3.596450000000000000e+05
8.923400000000000000e+05 1.490500000000000000e+05
3.137830000000000000e+05 1.771980000000000000e+05
7.003410000000000000e+05 8.697300000000000000e+05
6.880150000000000000e+05 5.335350000000000000e+05
8.040380000000000000e+05 3.066220000000000000e+05
8.811090000000000000e+05 1.521980000000000000e+05
3.499550000000000000e+05 5.355780000000000000e+05
3.731910000000000000e+05 8.847000000000000000e+04
8.512800000000000000e+05 1.560490000000000000e+05
4.005980000000000000e+05 7.909030000000000000e+05
4.194850000000000000e+05 8.047790000000000000e+05
8.080620000000000000e+05 3.373400000000000000e+05
1.399780000000000000e+05 5.871530000000000000e+05
8.786900000000000000e+05 7.390210000000000000e+05
3.207180000000000000e+05 1.586100000000000000e+05
1.398470000000000000e+05 5.520150000000000000e+05
1.412220000000000000e+05 5.725560000000000000e+05
8.270310000000000000e+05 7.343240000000000000e+05
2.584160000000000000e+05 8.354320000000000000e+05
8.126340000000000000e+05 5.548480000000000000e+05
2.789290000000000000e+05 8.420540000000000000e+05
1.549640000000000000e+05 5.549230000000000000e+05
6.590460000000000000e+05 9.300990000000000000e+05
4.004730000000000000e+05 4.083270000000000000e+05
2.348370000000000000e+05 1.510540000000000000e+05
8.203500000000000000e+05 7.482170000000000000e+05
8.702140000000000000e+05 5.562460000000000000e+05
9.493300000000000000e+04 5.881470000000000000e+05
3.442390000000000000e+05 5.307650000000000000e+05
8.112770000000000000e+05 3.355770000000000000e+05
8.294820000000000000e+05 4.758630000000000000e+05
7.977870000000000000e+05 3.014700000000000000e+05
8.210790000000000000e+05 8.002060000000000000e+05
6.762200000000000000e+05 8.582140000000000000e+05
5.724170000000000000e+05 4.039060000000000000e+05
3.940220000000000000e+05 8.039140000000000000e+05
1.845700000000000000e+05 3.604460000000000000e+05
2.439410000000000000e+05 8.432560000000000000e+05
7.907740000000000000e+05 3.036420000000000000e+05
7.980560000000000000e+05 7.143800000000000000e+05
8.931450000000000000e+05 5.514000000000000000e+05
3.362660000000000000e+05 1.485070000000000000e+05
3.019830000000000000e+05 1.733860000000000000e+05
2.369870000000000000e+05 8.810800000000000000e+05
5.091730000000000000e+05 1.780510000000000000e+05
6.794650000000000000e+05 3.990140000000000000e+05
3.144790000000000000e+05 1.788210000000000000e+05
3.447910000000000000e+05 5.785360000000000000e+05
3.670480000000000000e+05 5.534510000000000000e+05
5.294090000000000000e+05 1.572280000000000000e+05
3.080660000000000000e+05 1.458250000000000000e+05
2.169750000000000000e+05 2.966470000000000000e+05
3.733600000000000000e+05 7.842320000000000000e+05
3.965200000000000000e+05 4.056100000000000000e+05
2.767940000000000000e+05 3.844580000000000000e+05
7.776970000000000000e+05 7.982530000000000000e+05
3.003660000000000000e+05 5.657610000000000000e+05
2.443440000000000000e+05 1.853820000000000000e+05
4.869970000000000000e+05 1.648030000000000000e+05
2.219940000000000000e+05 5.751460000000000000e+05
2.255670000000000000e+05 8.530780000000000000e+05
8.431500000000000000e+05 1.565730000000000000e+05
8.748770000000000000e+05 5.351430000000000000e+05
4.345810000000000000e+05 1.232670000000000000e+05
1.560410000000000000e+05 2.951170000000000000e+05
3.339010000000000000e+05 5.328360000000000000e+05
8.320860000000000000e+05 7.162490000000000000e+05
8.003940000000000000e+05 3.014730000000000000e+05
5.974210000000000000e+05 5.547670000000000000e+05
8.220780000000000000e+05 7.118400000000000000e+05
1.352840000000000000e+05 5.556640000000000000e+05
3.186810000000000000e+05 5.288060000000000000e+05
8.234170000000000000e+05 7.015230000000000000e+05
5.691970000000000000e+05 5.593070000000000000e+05
1.480800000000000000e+05 5.440560000000000000e+05
8.527300000000000000e+05 7.699680000000000000e+05
8.033320000000000000e+05 3.154880000000000000e+05
2.149660000000000000e+05 3.588370000000000000e+05
3.707750000000000000e+05 1.443550000000000000e+05
5.623560000000000000e+05 3.831750000000000000e+05
8.576480000000000000e+05 5.116400000000000000e+05
4.746520000000000000e+05 1.932240000000000000e+05
4.158950000000000000e+05 7.757930000000000000e+05
3.601650000000000000e+05 5.533030000000000000e+05
8.601540000000000000e+05 1.133640000000000000e+05
1.799310000000000000e+05 5.365880000000000000e+05
1.984930000000000000e+05 3.267040000000000000e+05
3.332990000000000000e+05 5.975860000000000000e+05
3.454950000000000000e+05 5.798640000000000000e+05
3.312120000000000000e+05 1.624960000000000000e+05
1.370980000000000000e+05 3.848890000000000000e+05
8.107750000000000000e+05 1.604340000000000000e+05
3.321160000000000000e+05 5.948680000000000000e+05
8.795000000000000000e+05 5.907910000000000000e+05
1.594960000000000000e+05 3.316410000000000000e+05
8.403570000000000000e+05 1.694370000000000000e+05
3.461440000000000000e+05 5.604720000000000000e+05
7.303830000000000000e+05 8.791360000000000000e+05
2.385240000000000000e+05 8.429280000000000000e+05
8.050350000000000000e+05 3.174690000000000000e+05
6.484290000000000000e+05 4.225900000000000000e+05
6.280800000000000000e+05 5.629860000000000000e+05
1.396410000000000000e+05 5.575030000000000000e+05
4.156720000000000000e+05 7.878240000000000000e+05
7.812600000000000000e+05 7.379620000000000000e+05
7.779780000000000000e+05 2.524190000000000000e+05
8.458020000000000000e+05 1.722850000000000000e+05
8.629250000000000000e+05 2.438560000000000000e+05
6.333040000000000000e+05 3.660620000000000000e+05
4.082830000000000000e+05 8.061610000000000000e+05
1.344490000000000000e+05 5.575560000000000000e+05
6.085570000000000000e+05 5.902780000000000000e+05
7.893880000000000000e+05 7.122100000000000000e+05
2.935910000000000000e+05 5.221320000000000000e+05
3.999970000000000000e+05 4.112050000000000000e+05
5.194210000000000000e+05 1.546810000000000000e+05
6.530240000000000000e+05 3.673120000000000000e+05
8.010550000000000000e+05 3.218330000000000000e+05
1.245160000000000000e+05 3.252890000000000000e+05
4.585380000000000000e+05 7.866730000000000000e+05
5.209520000000000000e+05 1.691840000000000000e+05
3.752330000000000000e+05 3.994290000000000000e+05
5.772420000000000000e+05 5.740730000000000000e+05
4.033290000000000000e+05 7.178700000000000000e+05
5.130100000000000000e+05 1.410580000000000000e+05
6.014440000000000000e+05 5.726930000000000000e+05
2.618960000000000000e+05 8.974750000000000000e+05
8.370190000000000000e+05 2.155270000000000000e+05
3.568650000000000000e+05 5.457850000000000000e+05
4.295150000000000000e+05 3.937080000000000000e+05
6.571840000000000000e+05 8.555090000000000000e+05
4.292200000000000000e+05 7.873480000000000000e+05
8.358310000000000000e+05 5.558640000000000000e+05
1.195350000000000000e+05 5.518570000000000000e+05
5.590780000000000000e+05 5.700880000000000000e+05
5.051280000000000000e+05 1.750220000000000000e+05
8.739840000000000000e+05 5.808360000000000000e+05
7.969430000000000000e+05 6.746920000000000000e+05
6.174470000000000000e+05 3.661760000000000000e+05
3.338830000000000000e+05 2.768400000000000000e+05
3.180650000000000000e+05 5.816160000000000000e+05
5.974180000000000000e+05 5.383620000000000000e+05
8.156520000000000000e+05 7.334330000000000000e+05
8.383280000000000000e+05 1.857080000000000000e+05
3.410160000000000000e+05 5.452800000000000000e+05
3.206280000000000000e+05 5.645960000000000000e+05
1.571380000000000000e+05 5.659930000000000000e+05
5.762630000000000000e+05 5.472390000000000000e+05
4.240890000000000000e+05 3.526400000000000000e+05
5.892440000000000000e+05 5.737770000000000000e+05
2.989790000000000000e+05 7.741440000000000000e+05
1.366060000000000000e+05 5.622960000000000000e+05
8.451200000000000000e+05 5.498300000000000000e+05
3.096840000000000000e+05 1.500760000000000000e+05
5.466320000000000000e+05 5.992040000000000000e+05
2.435110000000000000e+05 8.307430000000000000e+05
4.818410000000000000e+05 2.093370000000000000e+05
6.286550000000000000e+05 3.210990000000000000e+05
8.811060000000000000e+05 1.055660000000000000e+05
1.082320000000000000e+05 3.731120000000000000e+05
5.287660000000000000e+05 2.399370000000000000e+05
2.805190000000000000e+05 1.653500000000000000e+05
1.537380000000000000e+05 3.605300000000000000e+05
4.465380000000000000e+05 1.801190000000000000e+05
8.013010000000000000e+05 3.168930000000000000e+05
1.869140000000000000e+05 3.617060000000000000e+05
6.564770000000000000e+05 5.730070000000000000e+05
8.727810000000000000e+05 1.542950000000000000e+05
8.324900000000000000e+05 4.506800000000000000e+05
2.176860000000000000e+05 2.965140000000000000e+05
1.613450000000000000e+05 3.508040000000000000e+05
3.467170000000000000e+05 1.781800000000000000e+05
3.823960000000000000e+05 4.054830000000000000e+05
5.085510000000000000e+05 1.743060000000000000e+05
3.200000000000000000e+05 1.626050000000000000e+05
2.066870000000000000e+05 3.422760000000000000e+05
3.429630000000000000e+05 5.822320000000000000e+05
8.226700000000000000e+05 6.890900000000000000e+05
3.996930000000000000e+05 3.952710000000000000e+05
1.376800000000000000e+05 5.556670000000000000e+05
3.475750000000000000e+05 5.655760000000000000e+05
3.223650000000000000e+05 5.308080000000000000e+05
2.921930000000000000e+05 1.254170000000000000e+05
6.028870000000000000e+05 5.952450000000000000e+05
2.851520000000000000e+05 5.202290000000000000e+05
8.207570000000000000e+05 7.382350000000000000e+05
1.466780000000000000e+05 5.589420000000000000e+05
9.126490000000000000e+05 4.987340000000000000e+05
5.237960000000000000e+05 2.195880000000000000e+05
1.746720000000000000e+05 3.458490000000000000e+05
8.736360000000000000e+05 5.106870000000000000e+05
4.250530000000000000e+05 7.905660000000000000e+05
8.119710000000000000e+05 6.645200000000000000e+05
2.840310000000000000e+05 5.666540000000000000e+05
4.733610000000000000e+05 1.850660000000000000e+05
5.938400000000000000e+05 5.786850000000000000e+05
3.406930000000000000e+05 5.693710000000000000e+05
8.034570000000000000e+05 7.358550000000000000e+05
6.092190000000000000e+05 3.628040000000000000e+05
1.593020000000000000e+05 3.379930000000000000e+05
6.069330000000000000e+05 5.764090000000000000e+05
3.399670000000000000e+05 5.626020000000000000e+05
1.360590000000000000e+05 5.582130000000000000e+05
3.227890000000000000e+05 1.375600000000000000e+05
6.175730000000000000e+05 3.868480000000000000e+05
4.626580000000000000e+05 7.516700000000000000e+04
8.720570000000000000e+05 1.223540000000000000e+05
8.509250000000000000e+05 1.578110000000000000e+05
8.005650000000000000e+05 3.193640000000000000e+05
6.050730000000000000e+05 3.720550000000000000e+05
1.760920000000000000e+05 5.319210000000000000e+05
4.697820000000000000e+05 7.805520000000000000e+05
3.244440000000000000e+05 1.669100000000000000e+05
3.437170000000000000e+05 5.599090000000000000e+05
4.496830000000000000e+05 3.888630000000000000e+05
6.135360000000000000e+05 3.958010000000000000e+05
5.062880000000000000e+05 1.779900000000000000e+05
2.384920000000000000e+05 8.333940000000000000e+05
8.620020000000000000e+05 5.340060000000000000e+05
3.902820000000000000e+05 7.895930000000000000e+05
1.273730000000000000e+05 5.495180000000000000e+05
1.704940000000000000e+05 5.608920000000000000e+05
3.341820000000000000e+05 5.584980000000000000e+05
4.138940000000000000e+05 5.644590000000000000e+05
4.671440000000000000e+05 1.473080000000000000e+05
6.731400000000000000e+05 8.648630000000000000e+05
9.120230000000000000e+05 1.603680000000000000e+05
8.463710000000000000e+05 5.785300000000000000e+05
5.694220000000000000e+05 5.677900000000000000e+05
6.454640000000000000e+05 6.604780000000000000e+05
3.925340000000000000e+05 5.933430000000000000e+05
5.154500000000000000e+05 1.732200000000000000e+05
3.177710000000000000e+05 1.549160000000000000e+05
4.890620000000000000e+05 2.003290000000000000e+05
6.389660000000000000e+05 4.866280000000000000e+05
8.737420000000000000e+05 4.482140000000000000e+05
7.996670000000000000e+05 3.168300000000000000e+05
3.533330000000000000e+05 1.131560000000000000e+05
2.193210000000000000e+05 8.483960000000000000e+05
6.035660000000000000e+05 4.103910000000000000e+05
2.419720000000000000e+05 8.407490000000000000e+05
5.678610000000000000e+05 8.565820000000000000e+05
2.298570000000000000e+05 8.439170000000000000e+05
5.050440000000000000e+05 1.806460000000000000e+05
5.584780000000000000e+05 2.133160000000000000e+05
1.680790000000000000e+05 3.473430000000000000e+05
2.618190000000000000e+05 8.635230000000000000e+05
2.669770000000000000e+05 8.879630000000000000e+05
8.080970000000000000e+05 5.025210000000000000e+05
5.338890000000000000e+05 3.337410000000000000e+05
5.587700000000000000e+05 3.906460000000000000e+05
8.765030000000000000e+05 6.591120000000000000e+05
5.851950000000000000e+05 5.550110000000000000e+05
2.234080000000000000e+05 5.201310000000000000e+05
4.072890000000000000e+05 7.988700000000000000e+05
3.314400000000000000e+05 5.518850000000000000e+05
6.758660000000000000e+05 8.687840000000000000e+05
1.302490000000000000e+05 5.793070000000000000e+05
8.779060000000000000e+05 7.223610000000000000e+05
4.434470000000000000e+05 7.839770000000000000e+05
6.107220000000000000e+05 4.182430000000000000e+05
1.949560000000000000e+05 3.722560000000000000e+05
8.037010000000000000e+05 3.218150000000000000e+05
8.020120000000000000e+05 3.183150000000000000e+05
5.110300000000000000e+05 2.212920000000000000e+05
1.699940000000000000e+05 4.098060000000000000e+05
3.990200000000000000e+05 4.040420000000000000e+05
2.285170000000000000e+05 8.370560000000000000e+05
1.656530000000000000e+05 3.176020000000000000e+05
5.862420000000000000e+05 3.964840000000000000e+05
2.560820000000000000e+05 8.319690000000000000e+05
8.990520000000000000e+05 5.260480000000000000e+05
9.242890000000000000e+05 1.713690000000000000e+05
6.037890000000000000e+05 5.744740000000000000e+05
4.161100000000000000e+05 3.742960000000000000e+05
2.032540000000000000e+05 3.626050000000000000e+05
3.958170000000000000e+05 7.888580000000000000e+05
1.401210000000000000e+05 3.468750000000000000e+05
4.796310000000000000e+05 1.784590000000000000e+05
6.786060000000000000e+05 8.780040000000000000e+05
1.133210000000000000e+05 6.063220000000000000e+05
3.154880000000000000e+05 1.603390000000000000e+05
4.207920000000000000e+05 4.309010000000000000e+05
6.537450000000000000e+05 8.090280000000000000e+05
3.317950000000000000e+05 5.296540000000000000e+05
3.168200000000000000e+05 1.503040000000000000e+05
8.022370000000000000e+05 3.185260000000000000e+05
4.248400000000000000e+05 4.795700000000000000e+05
5.023020000000000000e+05 2.102650000000000000e+05
3.692490000000000000e+05 7.970680000000000000e+05
1.927750000000000000e+05 3.500280000000000000e+05
5.289380000000000000e+05 1.743720000000000000e+05
2.591730000000000000e+05 5.485930000000000000e+05
8.181190000000000000e+05 3.486760000000000000e+05
2.982140000000000000e+05 8.209030000000000000e+05
1.293320000000000000e+05 3.608110000000000000e+05
8.887140000000000000e+05 2.055600000000000000e+05
1.437320000000000000e+05 2.797240000000000000e+05
8.200830000000000000e+05 7.283100000000000000e+05
4.104180000000000000e+05 4.094140000000000000e+05
6.638200000000000000e+05 4.163080000000000000e+05
7.860320000000000000e+05 7.014270000000000000e+05
1.385250000000000000e+05 5.342680000000000000e+05
8.122950000000000000e+05 7.280490000000000000e+05
8.722850000000000000e+05 7.507080000000000000e+05
6.727970000000000000e+05 8.432310000000000000e+05
6.857850000000000000e+05 4.099130000000000000e+05
8.858280000000000000e+05 5.863480000000000000e+05
3.905380000000000000e+05 1.571970000000000000e+05
8.857640000000000000e+05 1.517910000000000000e+05
8.033690000000000000e+05 6.987530000000000000e+05
3.262510000000000000e+05 5.492980000000000000e+05
2.201560000000000000e+05 5.896430000000000000e+05
3.307500000000000000e+05 5.616570000000000000e+05
4.000550000000000000e+05 1.317250000000000000e+05
4.601330000000000000e+05 1.730810000000000000e+05
8.618680000000000000e+05 5.491680000000000000e+05
4.026660000000000000e+05 8.140600000000000000e+05
5.228690000000000000e+05 1.768180000000000000e+05
1.239050000000000000e+05 5.084860000000000000e+05
6.741210000000000000e+05 8.585890000000000000e+05
5.145510000000000000e+05 1.765260000000000000e+05
8.254140000000000000e+05 7.344660000000000000e+05
7.862450000000000000e+05 2.923520000000000000e+05
8.067300000000000000e+04 5.668930000000000000e+05
6.501200000000000000e+05 3.244770000000000000e+05
3.150130000000000000e+05 3.183670000000000000e+05
6.590810000000000000e+05 8.605600000000000000e+05
6.720680000000000000e+05 8.748620000000000000e+05
4.168930000000000000e+05 3.477370000000000000e+05
6.045460000000000000e+05 8.473290000000000000e+05
3.570140000000000000e+05 1.482220000000000000e+05
5.335770000000000000e+05 3.551070000000000000e+05
8.533480000000000000e+05 5.258930000000000000e+05
5.097730000000000000e+05 1.488990000000000000e+05
1.221300000000000000e+05 5.688860000000000000e+05
3.325860000000000000e+05 5.661870000000000000e+05
6.642600000000000000e+05 8.590290000000000000e+05
9.084090000000000000e+05 5.912150000000000000e+05
5.298580000000000000e+05 2.131140000000000000e+05
8.487830000000000000e+05 7.489800000000000000e+05
5.531180000000000000e+05 1.654720000000000000e+05
1.426680000000000000e+05 5.449760000000000000e+05
8.580580000000000000e+05 1.961830000000000000e+05
6.479680000000000000e+05 8.778730000000000000e+05
8.610330000000000000e+05 5.076710000000000000e+05
9.743000000000000000e+04 5.988040000000000000e+05
1.701020000000000000e+05 3.231640000000000000e+05
3.383470000000000000e+05 3.379610000000000000e+05
8.015860000000000000e+05 3.189470000000000000e+05
3.692270000000000000e+05 3.978530000000000000e+05
8.462570000000000000e+05 1.453060000000000000e+05
3.585620000000000000e+05 1.126500000000000000e+05
8.624250000000000000e+05 7.410100000000000000e+05
5.074730000000000000e+05 2.276700000000000000e+05
8.621170000000000000e+05 6.000810000000000000e+05
6.373320000000000000e+05 4.140170000000000000e+05
1.769820000000000000e+05 3.546310000000000000e+05
2.376890000000000000e+05 8.395100000000000000e+05
3.277340000000000000e+05 1.635850000000000000e+05
5.627770000000000000e+05 4.375160000000000000e+05
4.486510000000000000e+05 8.479940000000000000e+05
8.472760000000000000e+05 1.217850000000000000e+05
5.111060000000000000e+05 1.225180000000000000e+05
6.684820000000000000e+05 3.584520000000000000e+05
8.306200000000000000e+05 1.179060000000000000e+05
8.515170000000000000e+05 5.410760000000000000e+05
4.808760000000000000e+05 1.604650000000000000e+05
6.215370000000000000e+05 3.903720000000000000e+05
8.050890000000000000e+05 7.625120000000000000e+05
2.801100000000000000e+05 5.220250000000000000e+05
5.761580000000000000e+05 2.102830000000000000e+05
1.757660000000000000e+05 3.805340000000000000e+05
3.318620000000000000e+05 1.690920000000000000e+05
3.470500000000000000e+05 1.504720000000000000e+05
3.447700000000000000e+05 5.703090000000000000e+05
6.087680000000000000e+05 6.105250000000000000e+05
6.348000000000000000e+05 8.236690000000000000e+05
8.050890000000000000e+05 9.654000000000000000e+04
4.917920000000000000e+05 2.144640000000000000e+05
4.063370000000000000e+05 7.503530000000000000e+05
3.319870000000000000e+05 5.689970000000000000e+05
3.531450000000000000e+05 5.809160000000000000e+05
2.394950000000000000e+05 1.639490000000000000e+05
3.501170000000000000e+05 5.358590000000000000e+05
7.650110000000000000e+05 6.072460000000000000e+05
2.301490000000000000e+05 8.865830000000000000e+05
3.821240000000000000e+05 7.862620000000000000e+05
1.335800000000000000e+05 3.486020000000000000e+05
8.281470000000000000e+05 8.087380000000000000e+05
2.198640000000000000e+05 8.426350000000000000e+05
6.203300000000000000e+05 3.986300000000000000e+05
8.008650000000000000e+05 3.129680000000000000e+05
2.206200000000000000e+05 8.190910000000000000e+05
2.895310000000000000e+05 1.457430000000000000e+05
8.450100000000000000e+04 6.046710000000000000e+05
3.221010000000000000e+05 1.641710000000000000e+05
1.420000000000000000e+05 5.549640000000000000e+05
9.066400000000000000e+05 5.872960000000000000e+05
6.566420000000000000e+05 4.072130000000000000e+05
3.572750000000000000e+05 5.511010000000000000e+05
3.365850000000000000e+05 4.209770000000000000e+05
1.585500000000000000e+05 3.548180000000000000e+05
8.489740000000000000e+05 1.994270000000000000e+05
4.096160000000000000e+05 5.750240000000000000e+05
8.074210000000000000e+05 3.175270000000000000e+05
2.414730000000000000e+05 8.608540000000000000e+05
1.279640000000000000e+05 5.389350000000000000e+05
2.723940000000000000e+05 8.376000000000000000e+05
2.026270000000000000e+05 1.793760000000000000e+05
6.759020000000000000e+05 8.539610000000000000e+05
5.339310000000000000e+05 1.732910000000000000e+05
3.277380000000000000e+05 5.596240000000000000e+05
8.549960000000000000e+05 8.109500000000000000e+04
1.855610000000000000e+05 3.427840000000000000e+05
8.902230000000000000e+05 5.568740000000000000e+05
1.608350000000000000e+05 3.477840000000000000e+05
3.667940000000000000e+05 5.825840000000000000e+05
5.737550000000000000e+05 2.180490000000000000e+05
2.455320000000000000e+05 8.463310000000000000e+05
6.473540000000000000e+05 5.791900000000000000e+05
4.229430000000000000e+05 8.042530000000000000e+05
5.139570000000000000e+05 1.392020000000000000e+05
8.382760000000000000e+05 3.956730000000000000e+05
6.402100000000000000e+05 9.020290000000000000e+05
3.488470000000000000e+05 4.251640000000000000e+05
4.038520000000000000e+05 7.924730000000000000e+05
4.172310000000000000e+05 3.813030000000000000e+05
8.017800000000000000e+05 3.189920000000000000e+05
1.029830000000000000e+05 3.827120000000000000e+05
3.987950000000000000e+05 4.726190000000000000e+05
3.722300000000000000e+05 4.124880000000000000e+05
8.180630000000000000e+05 7.979600000000000000e+05
5.919550000000000000e+05 3.781420000000000000e+05
1.743710000000000000e+05 8.646970000000000000e+05
7.730230000000000000e+05 2.518260000000000000e+05
8.479040000000000000e+05 5.741140000000000000e+05
6.962570000000000000e+05 8.948190000000000000e+05
4.879520000000000000e+05 1.686070000000000000e+05
8.014410000000000000e+05 3.238120000000000000e+05
3.922580000000000000e+05 4.054780000000000000e+05
3.482630000000000000e+05 3.864510000000000000e+05
6.840910000000000000e+05 8.425660000000000000e+05
1.121840000000000000e+05 5.304690000000000000e+05
9.574900000000000000e+04 6.027750000000000000e+05
5.613880000000000000e+05 3.558340000000000000e+05
1.700020000000000000e+05 3.700000000000000000e+05
8.737910000000000000e+05 6.066430000000000000e+05
3.279980000000000000e+05 5.712650000000000000e+05
3.316160000000000000e+05 5.650890000000000000e+05
3.716850000000000000e+05 1.516120000000000000e+05
4.000080000000000000e+05 7.894470000000000000e+05
4.429310000000000000e+05 4.301230000000000000e+05
6.279680000000000000e+05 5.746250000000000000e+05
1.695020000000000000e+05 4.113230000000000000e+05
3.632080000000000000e+05 2.386490000000000000e+05
5.096510000000000000e+05 1.492900000000000000e+05
2.459280000000000000e+05 8.672280000000000000e+05
8.474230000000000000e+05 1.615350000000000000e+05
2.414130000000000000e+05 8.450290000000000000e+05
7.907380000000000000e+05 3.080280000000000000e+05
2.105970000000000000e+05 5.898360000000000000e+05
2.413810000000000000e+05 8.444020000000000000e+05
8.582780000000000000e+05 5.445190000000000000e+05
5.013340000000000000e+05 1.630020000000000000e+05
8.180140000000000000e+05 1.401850000000000000e+05
6.201870000000000000e+05 4.001680000000000000e+05
7.946150000000000000e+05 3.056320000000000000e+05
5.654830000000000000e+05 5.515120000000000000e+05
8.011770000000000000e+05 7.375480000000000000e+05
2.291310000000000000e+05 8.428060000000000000e+05
1.422520000000000000e+05 3.291830000000000000e+05
6.106980000000000000e+05 3.963260000000000000e+05
5.002250000000000000e+05 1.775590000000000000e+05
4.038900000000000000e+05 7.924200000000000000e+05
5.874780000000000000e+05 4.248780000000000000e+05
5.805610000000000000e+05 5.289160000000000000e+05
8.640880000000000000e+05 1.713510000000000000e+05
8.556560000000000000e+05 1.621000000000000000e+05
3.524290000000000000e+05 3.597500000000000000e+05
4.174940000000000000e+05 3.922310000000000000e+05
6.194150000000000000e+05 3.976440000000000000e+05
3.369280000000000000e+05 5.574120000000000000e+05
6.830480000000000000e+05 9.377760000000000000e+05
6.719760000000000000e+05 8.646300000000000000e+05
6.053100000000000000e+05 3.940110000000000000e+05
3.579230000000000000e+05 1.921200000000000000e+05
8.239590000000000000e+05 7.378660000000000000e+05
1.275030000000000000e+05 6.236540000000000000e+05
3.547460000000000000e+05 5.524040000000000000e+05
3.323070000000000000e+05 1.895900000000000000e+05
3.240550000000000000e+05 5.908100000000000000e+05
4.811330000000000000e+05 7.814130000000000000e+05
2.364950000000000000e+05 8.615690000000000000e+05
6.809690000000000000e+05 8.388640000000000000e+05
2.781160000000000000e+05 1.854720000000000000e+05
2.847570000000000000e+05 1.758530000000000000e+05
6.468160000000000000e+05 8.297780000000000000e+05
4.834230000000000000e+05 1.117970000000000000e+05
6.173190000000000000e+05 3.746660000000000000e+05
6.144970000000000000e+05 8.308440000000000000e+05
6.606500000000000000e+05 6.150380000000000000e+05
8.362250000000000000e+05 7.092040000000000000e+05
6.831560000000000000e+05 8.772090000000000000e+05
4.483360000000000000e+05 7.894450000000000000e+05
7.876440000000000000e+05 2.977150000000000000e+05
8.008160000000000000e+05 1.766120000000000000e+05
4.348150000000000000e+05 3.880410000000000000e+05
6.394310000000000000e+05 5.881550000000000000e+05
8.087100000000000000e+05 3.303790000000000000e+05
3.176750000000000000e+05 8.381270000000000000e+05
7.799560000000000000e+05 2.715010000000000000e+05
1.247240000000000000e+05 4.599990000000000000e+05
5.160840000000000000e+05 1.787250000000000000e+05
2.232260000000000000e+05 5.461980000000000000e+05
6.845370000000000000e+05 8.438210000000000000e+05
6.508590000000000000e+05 4.600720000000000000e+05
2.933500000000000000e+05 1.759970000000000000e+05
6.506610000000000000e+05 8.612670000000000000e+05
4.086890000000000000e+05 5.625210000000000000e+05
3.492960000000000000e+05 5.576880000000000000e+05
5.139910000000000000e+05 1.650720000000000000e+05
8.034480000000000000e+05 3.147970000000000000e+05
2.802740000000000000e+05 1.826620000000000000e+05
5.412200000000000000e+05 1.778400000000000000e+05
2.754590000000000000e+05 1.901780000000000000e+05
6.194450000000000000e+05 5.674910000000000000e+05
5.280110000000000000e+05 2.016150000000000000e+05
6.574550000000000000e+05 5.677540000000000000e+05
3.301270000000000000e+05 5.700720000000000000e+05
8.518660000000000000e+05 1.568960000000000000e+05
5.237790000000000000e+05 1.639050000000000000e+05
2.226820000000000000e+05 8.063140000000000000e+05
8.038390000000000000e+05 3.103530000000000000e+05
8.540370000000000000e+05 5.288900000000000000e+05
7.701130000000000000e+05 2.416150000000000000e+05
9.167040000000000000e+05 6.095480000000000000e+05
6.149430000000000000e+05 5.409760000000000000e+05
7.078940000000000000e+05 9.045000000000000000e+05
4.450430000000000000e+05 1.522570000000000000e+05
1.798110000000000000e+05 3.420890000000000000e+05
8.026740000000000000e+05 7.278040000000000000e+05
7.896010000000000000e+05 7.140580000000000000e+05
1.108770000000000000e+05 5.625580000000000000e+05
8.099170000000000000e+05 7.624290000000000000e+05
2.275820000000000000e+05 8.568610000000000000e+05
4.174470000000000000e+05 7.829550000000000000e+05
8.774400000000000000e+05 5.291370000000000000e+05
6.948970000000000000e+05 8.345910000000000000e+05
2.799230000000000000e+05 8.059570000000000000e+05
4.075650000000000000e+05 7.662030000000000000e+05
8.559830000000000000e+05 5.348030000000000000e+05
6.059130000000000000e+05 5.795260000000000000e+05
1.406120000000000000e+05 3.500100000000000000e+05
8.382390000000000000e+05 5.760180000000000000e+05
4.370350000000000000e+05 7.555060000000000000e+05
5.456990000000000000e+05 1.740990000000000000e+05
6.788560000000000000e+05 8.502930000000000000e+05
6.824810000000000000e+05 8.793990000000000000e+05
8.429030000000000000e+05 5.679140000000000000e+05
1.374510000000000000e+05 5.553390000000000000e+05
1.726900000000000000e+05 8.477210000000000000e+05
8.043540000000000000e+05 3.096710000000000000e+05
6.725650000000000000e+05 5.644680000000000000e+05
4.846780000000000000e+05 1.236230000000000000e+05
8.174100000000000000e+05 3.469440000000000000e+05
4.465370000000000000e+05 8.289240000000000000e+05
4.294720000000000000e+05 8.608550000000000000e+05
8.013130000000000000e+05 3.006060000000000000e+05
4.186360000000000000e+05 4.400000000000000000e+05
2.972120000000000000e+05 5.462230000000000000e+05
1.059450000000000000e+05 5.287950000000000000e+05
3.145520000000000000e+05 1.510350000000000000e+05
8.397570000000000000e+05 1.905180000000000000e+05
7.879880000000000000e+05 7.412030000000000000e+05
6.133510000000000000e+05 4.079520000000000000e+05
2.418490000000000000e+05 8.151410000000000000e+05
3.690440000000000000e+05 3.716490000000000000e+05
6.222120000000000000e+05 8.600150000000000000e+05
8.601060000000000000e+05 1.570800000000000000e+05
8.255960000000000000e+05 6.394650000000000000e+05
8.505380000000000000e+05 1.601590000000000000e+05
3.111630000000000000e+05 1.668210000000000000e+05
8.220250000000000000e+05 7.492140000000000000e+05
1.852530000000000000e+05 3.441520000000000000e+05
7.381900000000000000e+05 3.719700000000000000e+05
3.023590000000000000e+05 5.343170000000000000e+05
1.682840000000000000e+05 3.090360000000000000e+05
4.092440000000000000e+05 4.602950000000000000e+05
3.433760000000000000e+05 5.757090000000000000e+05
2.287150000000000000e+05 8.375720000000000000e+05
8.007720000000000000e+05 3.250230000000000000e+05
3.451230000000000000e+05 5.777880000000000000e+05
8.692880000000000000e+05 1.686620000000000000e+05
3.163130000000000000e+05 5.707850000000000000e+05
4.200830000000000000e+05 7.878150000000000000e+05
6.665160000000000000e+05 8.598370000000000000e+05
3.597400000000000000e+05 3.795920000000000000e+05
3.215220000000000000e+05 1.638520000000000000e+05
1.475990000000000000e+05 5.135630000000000000e+05
7.952540000000000000e+05 2.964880000000000000e+05
3.474060000000000000e+05 1.557080000000000000e+05
3.105290000000000000e+05 1.416170000000000000e+05
6.020130000000000000e+05 5.747220000000000000e+05
4.170230000000000000e+05 7.711940000000000000e+05
1.159050000000000000e+05 5.601390000000000000e+05
2.503590000000000000e+05 8.494510000000000000e+05
8.152980000000000000e+05 1.673900000000000000e+05
8.509450000000000000e+05 1.616690000000000000e+05
7.666100000000000000e+04 5.310440000000000000e+05
2.518660000000000000e+05 8.640440000000000000e+05
3.965400000000000000e+05 8.159360000000000000e+05
4.779010000000000000e+05 1.732880000000000000e+05
6.786700000000000000e+04 5.453920000000000000e+05
3.909340000000000000e+05 1.704200000000000000e+05
3.995870000000000000e+05 7.924590000000000000e+05
5.696920000000000000e+05 1.823650000000000000e+05
4.120280000000000000e+05 7.734940000000000000e+05
3.952460000000000000e+05 3.927830000000000000e+05
1.457580000000000000e+05 5.624140000000000000e+05
5.407830000000000000e+05 6.264970000000000000e+05
6.582810000000000000e+05 5.822640000000000000e+05
3.391370000000000000e+05 1.603340000000000000e+05
3.851400000000000000e+05 7.962210000000000000e+05
2.689260000000000000e+05 8.137830000000000000e+05
2.493700000000000000e+05 8.728040000000000000e+05
4.863260000000000000e+05 1.746430000000000000e+05
5.917250000000000000e+05 4.065490000000000000e+05
2.654300000000000000e+05 1.518830000000000000e+05
3.385830000000000000e+05 5.635290000000000000e+05
2.442570000000000000e+05 7.765160000000000000e+05
7.963530000000000000e+05 7.102940000000000000e+05
4.145120000000000000e+05 7.939660000000000000e+05
3.359700000000000000e+05 8.468280000000000000e+05
3.388600000000000000e+05 5.611510000000000000e+05
4.978150000000000000e+05 1.651510000000000000e+05
7.997240000000000000e+05 3.188840000000000000e+05
4.375680000000000000e+05 7.943230000000000000e+05
8.756250000000000000e+05 5.997660000000000000e+05
3.738940000000000000e+05 5.553470000000000000e+05
8.011740000000000000e+05 3.204420000000000000e+05
5.168880000000000000e+05 1.524510000000000000e+05
6.654260000000000000e+05 8.539400000000000000e+05
6.646390000000000000e+05 9.257950000000000000e+05
7.037730000000000000e+05 8.704190000000000000e+05
7.990010000000000000e+05 3.020140000000000000e+05
8.226640000000000000e+05 7.206770000000000000e+05
1.658860000000000000e+05 3.487090000000000000e+05
1.411130000000000000e+05 3.510500000000000000e+05
7.365570000000000000e+05 8.979610000000000000e+05
6.312970000000000000e+05 5.783510000000000000e+05
7.760000000000000000e+05 7.803470000000000000e+05
5.208090000000000000e+05 1.767180000000000000e+05
8.241400000000000000e+05 7.290740000000000000e+05
2.065610000000000000e+05 5.747890000000000000e+05
8.166150000000000000e+05 7.708550000000000000e+05
8.027380000000000000e+05 3.122340000000000000e+05
1.153630000000000000e+05 3.055750000000000000e+05
2.257860000000000000e+05 5.294170000000000000e+05
2.139510000000000000e+05 3.528680000000000000e+05
5.440560000000000000e+05 5.777860000000000000e+05
6.863240000000000000e+05 3.642370000000000000e+05
4.098230000000000000e+05 4.129080000000000000e+05
2.280320000000000000e+05 8.930550000000000000e+05
6.455630000000000000e+05 8.194800000000000000e+05
6.212410000000000000e+05 3.680900000000000000e+05
5.156120000000000000e+05 5.406430000000000000e+05
8.400590000000000000e+05 5.348760000000000000e+05
6.418400000000000000e+05 8.867450000000000000e+05
6.297180000000000000e+05 5.581040000000000000e+05
6.092860000000000000e+05 5.867820000000000000e+05
4.783610000000000000e+05 4.095200000000000000e+05
3.782740000000000000e+05 8.163410000000000000e+05
6.730280000000000000e+05 8.605930000000000000e+05
2.395050000000000000e+05 8.850570000000000000e+05
8.591770000000000000e+05 1.432730000000000000e+05
8.650300000000000000e+05 5.411500000000000000e+05
7.972720000000000000e+05 3.242280000000000000e+05
8.130920000000000000e+05 7.390430000000000000e+05
8.001330000000000000e+05 3.270810000000000000e+05
4.148600000000000000e+05 7.739210000000000000e+05
6.676390000000000000e+05 5.711640000000000000e+05
3.336820000000000000e+05 4.010780000000000000e+05
4.961300000000000000e+05 1.781130000000000000e+05
1.835830000000000000e+05 7.874530000000000000e+05
4.531540000000000000e+05 7.760820000000000000e+05
5.797730000000000000e+05 5.686980000000000000e+05
8.192500000000000000e+05 5.176550000000000000e+05
8.742390000000000000e+05 5.947860000000000000e+05
1.460700000000000000e+05 3.168600000000000000e+05
8.004830000000000000e+05 3.207130000000000000e+05
3.360230000000000000e+05 4.168620000000000000e+05
2.658150000000000000e+05 5.403850000000000000e+05
6.581990000000000000e+05 5.687430000000000000e+05
8.284780000000000000e+05 6.554050000000000000e+05
5.068150000000000000e+05 1.733870000000000000e+05
4.013960000000000000e+05 1.254310000000000000e+05
1.234410000000000000e+05 5.944150000000000000e+05
2.642740000000000000e+05 8.130410000000000000e+05
5.122910000000000000e+05 1.696080000000000000e+05
2.686720000000000000e+05 5.088740000000000000e+05
8.605200000000000000e+05 5.440230000000000000e+05
5.713340000000000000e+05 5.941450000000000000e+05
8.190580000000000000e+05 7.291250000000000000e+05
2.531290000000000000e+05 1.542960000000000000e+05
7.308870000000000000e+05 8.259720000000000000e+05
4.096280000000000000e+05 8.339420000000000000e+05
7.882200000000000000e+05 3.019150000000000000e+05
1.382200000000000000e+05 5.600560000000000000e+05
8.342930000000000000e+05 1.615750000000000000e+05
6.243430000000000000e+05 4.036290000000000000e+05
8.245940000000000000e+05 7.416640000000000000e+05
9.231200000000000000e+05 1.701610000000000000e+05
1.889090000000000000e+05 3.411940000000000000e+05
3.420990000000000000e+05 5.615080000000000000e+05
6.714440000000000000e+05 8.602060000000000000e+05
8.550450000000000000e+05 5.476330000000000000e+05
3.998580000000000000e+05 4.035740000000000000e+05
2.449660000000000000e+05 8.411260000000000000e+05
8.115020000000000000e+05 3.559390000000000000e+05
5.947200000000000000e+05 8.484570000000000000e+05
6.202400000000000000e+05 3.970220000000000000e+05
5.191130000000000000e+05 1.949250000000000000e+05
5.055120000000000000e+05 2.038570000000000000e+05
4.184100000000000000e+05 7.959290000000000000e+05
4.116060000000000000e+05 1.373780000000000000e+05
4.340800000000000000e+05 7.852640000000000000e+05
5.149340000000000000e+05 2.191690000000000000e+05
4.128610000000000000e+05 4.347510000000000000e+05
8.824030000000000000e+05 5.347100000000000000e+05
4.145620000000000000e+05 7.873550000000000000e+05
3.921400000000000000e+05 7.699240000000000000e+05
2.356710000000000000e+05 3.002340000000000000e+05
7.930190000000000000e+05 7.648590000000000000e+05
8.552330000000000000e+05 1.413570000000000000e+05
6.490880000000000000e+05 5.757330000000000000e+05
2.669800000000000000e+05 8.259900000000000000e+05
2.837840000000000000e+05 1.783050000000000000e+05
3.221400000000000000e+05 1.652120000000000000e+05
6.732670000000000000e+05 8.837270000000000000e+05
6.033880000000000000e+05 4.030390000000000000e+05
5.004740000000000000e+05 1.697460000000000000e+05
3.062980000000000000e+05 5.519020000000000000e+05
1.301570000000000000e+05 5.812860000000000000e+05
3.397320000000000000e+05 1.631580000000000000e+05
7.862340000000000000e+05 2.679760000000000000e+05
6.196280000000000000e+05 3.994330000000000000e+05
1.659450000000000000e+05 3.458490000000000000e+05
6.971610000000000000e+05 8.403180000000000000e+05
8.053910000000000000e+05 7.326590000000000000e+05
6.028730000000000000e+05 5.278640000000000000e+05
3.945990000000000000e+05 4.090680000000000000e+05
3.059150000000000000e+05 8.548180000000000000e+05
4.035220000000000000e+05 7.854320000000000000e+05
6.717720000000000000e+05 8.603570000000000000e+05
6.497900000000000000e+04 5.381040000000000000e+05
4.037510000000000000e+05 3.855390000000000000e+05
1.193860000000000000e+05 6.205490000000000000e+05
3.337870000000000000e+05 1.894230000000000000e+05
8.947850000000000000e+05 4.403820000000000000e+05
6.741140000000000000e+05 9.707560000000000000e+05
3.317980000000000000e+05 1.439620000000000000e+05
4.266250000000000000e+05 4.759770000000000000e+05
2.569490000000000000e+05 8.204700000000000000e+05
8.296730000000000000e+05 7.303980000000000000e+05
3.838550000000000000e+05 3.909840000000000000e+05
4.186230000000000000e+05 4.043820000000000000e+05
8.626790000000000000e+05 1.883990000000000000e+05
1.728850000000000000e+05 3.526210000000000000e+05
6.614300000000000000e+05 6.035670000000000000e+05
2.967750000000000000e+05 5.724320000000000000e+05
8.649910000000000000e+05 1.598740000000000000e+05
7.698760000000000000e+05 2.576690000000000000e+05
4.243650000000000000e+05 3.719870000000000000e+05
3.927280000000000000e+05 4.113410000000000000e+05
2.689380000000000000e+05 2.118700000000000000e+05
6.219890000000000000e+05 3.948560000000000000e+05
7.989810000000000000e+05 3.110920000000000000e+05
6.587340000000000000e+05 8.832140000000000000e+05
3.459760000000000000e+05 1.483330000000000000e+05
3.384740000000000000e+05 5.641510000000000000e+05
7.972330000000000000e+05 7.133580000000000000e+05
6.522330000000000000e+05 8.860540000000000000e+05
8.011020000000000000e+05 7.593300000000000000e+05
2.217060000000000000e+05 8.750600000000000000e+05
6.001140000000000000e+05 4.132160000000000000e+05
3.540940000000000000e+05 4.242300000000000000e+05
8.442340000000000000e+05 1.531970000000000000e+05
3.676410000000000000e+05 5.563090000000000000e+05
3.184200000000000000e+04 5.657650000000000000e+05
3.216200000000000000e+05 1.699500000000000000e+05
8.044290000000000000e+05 3.121640000000000000e+05
8.222240000000000000e+05 7.427160000000000000e+05
3.989850000000000000e+05 4.134270000000000000e+05
6.797990000000000000e+05 8.586800000000000000e+05
4.017300000000000000e+05 3.542940000000000000e+05
3.393930000000000000e+05 2.091450000000000000e+05
1.353360000000000000e+05 5.525520000000000000e+05
6.578110000000000000e+05 8.859040000000000000e+05
8.774220000000000000e+05 1.348770000000000000e+05
3.243370000000000000e+05 1.626860000000000000e+05
7.497230000000000000e+05 7.817560000000000000e+05
8.323720000000000000e+05 6.000700000000000000e+05
4.116740000000000000e+05 4.023770000000000000e+05
2.287110000000000000e+05 8.480900000000000000e+05
2.563160000000000000e+05 8.188860000000000000e+05
3.593520000000000000e+05 1.629620000000000000e+05
5.099560000000000000e+05 1.416980000000000000e+05
5.127330000000000000e+05 1.740910000000000000e+05
2.986650000000000000e+05 5.682450000000000000e+05
6.286960000000000000e+05 5.424470000000000000e+05
6.040670000000000000e+05 5.740910000000000000e+05
8.409940000000000000e+05 5.784550000000000000e+05
8.631020000000000000e+05 5.457830000000000000e+05
1.531810000000000000e+05 2.779680000000000000e+05
8.465750000000000000e+05 1.590020000000000000e+05
3.244420000000000000e+05 5.678810000000000000e+05
1.432650000000000000e+05 5.483870000000000000e+05
2.242880000000000000e+05 9.314760000000000000e+05
6.451710000000000000e+05 5.952090000000000000e+05
3.279270000000000000e+05 1.685350000000000000e+05
3.597720000000000000e+05 5.684280000000000000e+05
6.254160000000000000e+05 8.688480000000000000e+05
3.572530000000000000e+05 3.880750000000000000e+05
2.577880000000000000e+05 8.805870000000000000e+05
9.619510000000000000e+05 5.770290000000000000e+05
6.180530000000000000e+05 3.575340000000000000e+05
8.326210000000000000e+05 1.507480000000000000e+05
7.026540000000000000e+05 8.415480000000000000e+05
8.240130000000000000e+05 7.539910000000000000e+05
5.357870000000000000e+05 1.997350000000000000e+05
1.392120000000000000e+05 5.577130000000000000e+05
4.913820000000000000e+05 1.222670000000000000e+05
4.891820000000000000e+05 7.739340000000000000e+05
4.074600000000000000e+05 7.914040000000000000e+05
7.745260000000000000e+05 7.571350000000000000e+05
7.890950000000000000e+05 8.956340000000000000e+05
6.709570000000000000e+05 8.107680000000000000e+05
4.300010000000000000e+05 7.658030000000000000e+05
6.622490000000000000e+05 9.180500000000000000e+05
2.778600000000000000e+05 1.118930000000000000e+05
6.062890000000000000e+05 6.702430000000000000e+05
6.137190000000000000e+05 3.828280000000000000e+05
4.062330000000000000e+05 8.130720000000000000e+05
6.881180000000000000e+05 9.115740000000000000e+05
6.464220000000000000e+05 9.005260000000000000e+05
7.739550000000000000e+05 2.398490000000000000e+05
8.163930000000000000e+05 1.850560000000000000e+05
1.130680000000000000e+05 3.175740000000000000e+05
8.516440000000000000e+05 7.213500000000000000e+05
6.810490000000000000e+05 8.469750000000000000e+05
2.159760000000000000e+05 8.360250000000000000e+05
6.541470000000000000e+05 4.071820000000000000e+05
1.924600000000000000e+05 3.883230000000000000e+05
8.236760000000000000e+05 1.521540000000000000e+05
2.132080000000000000e+05 8.339590000000000000e+05
1.086510000000000000e+05 5.214090000000000000e+05
2.682890000000000000e+05 8.782650000000000000e+05
6.742650000000000000e+05 8.614350000000000000e+05
9.057700000000000000e+05 5.318120000000000000e+05
3.965560000000000000e+05 4.064920000000000000e+05
5.023550000000000000e+05 1.641190000000000000e+05
6.428430000000000000e+05 9.091850000000000000e+05
2.400280000000000000e+05 8.493540000000000000e+05
8.569910000000000000e+05 5.462550000000000000e+05
5.955800000000000000e+05 7.985720000000000000e+05
4.241900000000000000e+05 7.800520000000000000e+05
2.944920000000000000e+05 8.323360000000000000e+05
5.848950000000000000e+05 5.746660000000000000e+05
8.416540000000000000e+05 7.648360000000000000e+05
8.011720000000000000e+05 7.158570000000000000e+05
1.576910000000000000e+05 3.348860000000000000e+05
6.115810000000000000e+05 5.726300000000000000e+05
6.323900000000000000e+05 3.631980000000000000e+05
8.375450000000000000e+05 6.969790000000000000e+05
6.741340000000000000e+05 9.084640000000000000e+05
8.444000000000000000e+05 1.508120000000000000e+05
3.430180000000000000e+05 2.399600000000000000e+05
6.523490000000000000e+05 3.212910000000000000e+05
1.373160000000000000e+05 5.621510000000000000e+05
8.328860000000000000e+05 7.812060000000000000e+05
6.061110000000000000e+05 6.178460000000000000e+05
1.452510000000000000e+05 5.534860000000000000e+05
5.087970000000000000e+05 1.762690000000000000e+05
8.438130000000000000e+05 1.820320000000000000e+05
3.664780000000000000e+05 5.946770000000000000e+05
6.065580000000000000e+05 4.582850000000000000e+05
1.376570000000000000e+05 6.112520000000000000e+05
8.213370000000000000e+05 7.333560000000000000e+05
7.317120000000000000e+05 8.789980000000000000e+05
4.937140000000000000e+05 1.733870000000000000e+05
4.003800000000000000e+05 5.882210000000000000e+05
6.901950000000000000e+05 4.751500000000000000e+05
8.972860000000000000e+05 5.580040000000000000e+05
8.792210000000000000e+05 6.554970000000000000e+05
2.054660000000000000e+05 7.788840000000000000e+05
4.471920000000000000e+05 3.598930000000000000e+05
3.977350000000000000e+05 4.480970000000000000e+05
2.826030000000000000e+05 8.461650000000000000e+05
4.005450000000000000e+05 4.042120000000000000e+05
3.436510000000000000e+05 4.387500000000000000e+05
5.078950000000000000e+05 1.774450000000000000e+05
2.224450000000000000e+05 8.914380000000000000e+05
5.771670000000000000e+05 6.170950000000000000e+05
1.998590000000000000e+05 3.163340000000000000e+05
2.835710000000000000e+05 1.093260000000000000e+05
6.018850000000000000e+05 5.730830000000000000e+05
4.974060000000000000e+05 1.258090000000000000e+05
8.260480000000000000e+05 3.742360000000000000e+05
6.087470000000000000e+05 3.631320000000000000e+05
7.936690000000000000e+05 7.245130000000000000e+05
6.887120000000000000e+05 5.687540000000000000e+05
2.464700000000000000e+05 8.429320000000000000e+05
2.422470000000000000e+05 8.642530000000000000e+05
1.656570000000000000e+05 3.387220000000000000e+05
7.532540000000000000e+05 8.401230000000000000e+05
5.093830000000000000e+05 1.673020000000000000e+05
2.193160000000000000e+05 8.988300000000000000e+05
1.390330000000000000e+05 5.932870000000000000e+05
4.087120000000000000e+05 8.039870000000000000e+05
6.245990000000000000e+05 4.176730000000000000e+05
8.675330000000000000e+05 5.422900000000000000e+05
1.256750000000000000e+05 3.601580000000000000e+05
6.368070000000000000e+05 4.245370000000000000e+05
8.129420000000000000e+05 8.534500000000000000e+04
8.684930000000000000e+05 6.771550000000000000e+05
6.023650000000000000e+05 9.166730000000000000e+05
5.154940000000000000e+05 1.884590000000000000e+05
8.849660000000000000e+05 1.339000000000000000e+05
2.456020000000000000e+05 8.571600000000000000e+05
1.363010000000000000e+05 5.695440000000000000e+05
8.143170000000000000e+05 3.331120000000000000e+05
8.482900000000000000e+05 1.431840000000000000e+05
2.303990000000000000e+05 8.425380000000000000e+05
1.690690000000000000e+05 3.489290000000000000e+05
8.438910000000000000e+05 7.215710000000000000e+05
3.443140000000000000e+05 5.959150000000000000e+05
5.144280000000000000e+05 2.225030000000000000e+05
8.032020000000000000e+05 5.490010000000000000e+05
4.222610000000000000e+05 3.743450000000000000e+05
2.342190000000000000e+05 8.452700000000000000e+05
8.843260000000000000e+05 4.798020000000000000e+05
5.603930000000000000e+05 3.894900000000000000e+05
5.354530000000000000e+05 2.009700000000000000e+05
8.624300000000000000e+04 5.591350000000000000e+05
8.224740000000000000e+05 7.808820000000000000e+05
5.743690000000000000e+05 2.074830000000000000e+05
7.082440000000000000e+05 8.718340000000000000e+05
1.337440000000000000e+05 3.089180000000000000e+05
4.074290000000000000e+05 3.991550000000000000e+05
5.192010000000000000e+05 1.391010000000000000e+05
5.666660000000000000e+05 1.952550000000000000e+05
4.609420000000000000e+05 7.790730000000000000e+05
2.084940000000000000e+05 8.506150000000000000e+05
4.126150000000000000e+05 4.039020000000000000e+05
8.715440000000000000e+05 5.924030000000000000e+05
8.385150000000000000e+05 7.684840000000000000e+05
9.059360000000000000e+05 1.501060000000000000e+05
3.830440000000000000e+05 1.804180000000000000e+05
5.061420000000000000e+05 1.705130000000000000e+05
2.092640000000000000e+05 8.366610000000000000e+05
4.960060000000000000e+05 1.910100000000000000e+05
8.147320000000000000e+05 7.341830000000000000e+05
6.087110000000000000e+05 3.736650000000000000e+05
9.003600000000000000e+05 1.536220000000000000e+05
6.552010000000000000e+05 4.118730000000000000e+05
3.191550000000000000e+05 1.598500000000000000e+05
8.068880000000000000e+05 4.923190000000000000e+05
3.661460000000000000e+05 1.965710000000000000e+05
1.461830000000000000e+05 6.221880000000000000e+05
6.023350000000000000e+05 4.332980000000000000e+05
3.772150000000000000e+05 4.184290000000000000e+05
1.878580000000000000e+05 3.810770000000000000e+05
7.625300000000000000e+04 5.293940000000000000e+05
1.308830000000000000e+05 5.578240000000000000e+05
1.902410000000000000e+05 3.295820000000000000e+05
2.350410000000000000e+05 8.237320000000000000e+05
5.095540000000000000e+05 1.869310000000000000e+05
1.667990000000000000e+05 3.184820000000000000e+05
5.978020000000000000e+05 5.761130000000000000e+05
6.720590000000000000e+05 8.605010000000000000e+05
1.401640000000000000e+05 5.310930000000000000e+05
2.711230000000000000e+05 1.634650000000000000e+05
4.814300000000000000e+04 5.238700000000000000e+05
6.188930000000000000e+05 4.197400000000000000e+05
1.982940000000000000e+05 5.529870000000000000e+05
8.008720000000000000e+05 6.726030000000000000e+05
6.657750000000000000e+05 8.456620000000000000e+05
5.146220000000000000e+05 2.069790000000000000e+05
3.952740000000000000e+05 7.866980000000000000e+05
7.902060000000000000e+05 7.471650000000000000e+05
5.207630000000000000e+05 2.504780000000000000e+05
5.733240000000000000e+05 8.788020000000000000e+05
6.064860000000000000e+05 4.200540000000000000e+05
2.190490000000000000e+05 8.251710000000000000e+05
4.180460000000000000e+05 3.584610000000000000e+05
3.954500000000000000e+05 4.078220000000000000e+05
6.601030000000000000e+05 4.145570000000000000e+05
1.379670000000000000e+05 3.545390000000000000e+05
5.076740000000000000e+05 1.474310000000000000e+05
1.143110000000000000e+05 6.016050000000000000e+05
8.195410000000000000e+05 1.172960000000000000e+05
4.307790000000000000e+05 7.701450000000000000e+05
1.981970000000000000e+05 3.449330000000000000e+05
6.725440000000000000e+05 8.599780000000000000e+05
5.099280000000000000e+05 1.848730000000000000e+05
3.299050000000000000e+05 5.799350000000000000e+05
6.052840000000000000e+05 5.561340000000000000e+05
6.188690000000000000e+05 5.772430000000000000e+05
8.047020000000000000e+05 3.158810000000000000e+05
6.171180000000000000e+05 3.740980000000000000e+05
6.100260000000000000e+05 4.448580000000000000e+05
7.841640000000000000e+05 2.857020000000000000e+05
3.076050000000000000e+05 8.401950000000000000e+05
8.467720000000000000e+05 5.090360000000000000e+05
8.102770000000000000e+05 5.208370000000000000e+05
8.425900000000000000e+05 7.168610000000000000e+05
1.663230000000000000e+05 3.529270000000000000e+05
1.445700000000000000e+05 5.739360000000000000e+05
5.986340000000000000e+05 6.199000000000000000e+05
6.106660000000000000e+05 5.517010000000000000e+05
8.647210000000000000e+05 5.484470000000000000e+05
1.388840000000000000e+05 5.291620000000000000e+05
7.710900000000000000e+04 5.126510000000000000e+05
2.353370000000000000e+05 8.315920000000000000e+05
3.274030000000000000e+05 5.488750000000000000e+05
3.413290000000000000e+05 5.655710000000000000e+05
6.052500000000000000e+05 5.732720000000000000e+05
4.028910000000000000e+05 8.019100000000000000e+05
6.580340000000000000e+05 8.971790000000000000e+05
3.826930000000000000e+05 7.496800000000000000e+05
7.799360000000000000e+05 7.743970000000000000e+05
3.124210000000000000e+05 1.706170000000000000e+05
1.835160000000000000e+05 3.742120000000000000e+05
1.250050000000000000e+05 5.403400000000000000e+05
6.072690000000000000e+05 5.369610000000000000e+05
3.087260000000000000e+05 3.717210000000000000e+05
9.424900000000000000e+04 6.008120000000000000e+05
5.739250000000000000e+05 4.493410000000000000e+05
8.846130000000000000e+05 5.075070000000000000e+05
1.500090000000000000e+05 3.710140000000000000e+05
1.649150000000000000e+05 3.503600000000000000e+05
1.824990000000000000e+05 3.104380000000000000e+05
1.447050000000000000e+05 3.759360000000000000e+05
6.148770000000000000e+05 4.024420000000000000e+05
7.907120000000000000e+05 7.458840000000000000e+05
1.373470000000000000e+05 6.228670000000000000e+05
5.512360000000000000e+05 4.018560000000000000e+05
2.292800000000000000e+05 8.134830000000000000e+05
8.573090000000000000e+05 1.392760000000000000e+05
8.024820000000000000e+05 3.352690000000000000e+05
6.839410000000000000e+05 9.155790000000000000e+05
3.343540000000000000e+05 5.780470000000000000e+05
6.421570000000000000e+05 3.455450000000000000e+05
1.365310000000000000e+05 5.576580000000000000e+05
8.589340000000000000e+05 1.628740000000000000e+05
2.227270000000000000e+05 7.709630000000000000e+05
3.244400000000000000e+05 5.670740000000000000e+05
6.456770000000000000e+05 8.143950000000000000e+05
4.192270000000000000e+05 7.792150000000000000e+05
7.695460000000000000e+05 5.547220000000000000e+05
3.233290000000000000e+05 9.395500000000000000e+04
8.434320000000000000e+05 4.907250000000000000e+05
3.793880000000000000e+05 5.672850000000000000e+05
3.613700000000000000e+05 5.524830000000000000e+05
8.556030000000000000e+05 5.424140000000000000e+05
3.339420000000000000e+05 1.433440000000000000e+05
3.783470000000000000e+05 1.448800000000000000e+05
6.243280000000000000e+05 3.921330000000000000e+05
1.681490000000000000e+05 3.456380000000000000e+05
5.153480000000000000e+05 1.847500000000000000e+05
4.114880000000000000e+05 8.377150000000000000e+05
8.177760000000000000e+05 5.256000000000000000e+05
5.781130000000000000e+05 3.954580000000000000e+05
2.852580000000000000e+05 8.486680000000000000e+05
6.257090000000000000e+05 6.601450000000000000e+05
1.706880000000000000e+05 3.435960000000000000e+05
8.000410000000000000e+05 3.183310000000000000e+05
6.184050000000000000e+05 8.428590000000000000e+05
7.901490000000000000e+05 5.651570000000000000e+05
3.870390000000000000e+05 3.657580000000000000e+05
3.770420000000000000e+05 1.820190000000000000e+05
5.144080000000000000e+05 1.733380000000000000e+05
3.313660000000000000e+05 5.673110000000000000e+05
1.181370000000000000e+05 5.791490000000000000e+05
6.666360000000000000e+05 8.586860000000000000e+05
1.279400000000000000e+05 5.904670000000000000e+05
4.152220000000000000e+05 4.347980000000000000e+05
5.082280000000000000e+05 2.204330000000000000e+05
6.153250000000000000e+05 3.838410000000000000e+05
8.440860000000000000e+05 5.313000000000000000e+05
8.022540000000000000e+05 3.206730000000000000e+05
1.375160000000000000e+05 5.568180000000000000e+05
3.380440000000000000e+05 2.332640000000000000e+05
8.382230000000000000e+05 7.663800000000000000e+05
3.927950000000000000e+05 8.176940000000000000e+05
4.975820000000000000e+05 1.908010000000000000e+05
2.202240000000000000e+05 5.920680000000000000e+05
5.891120000000000000e+05 5.365730000000000000e+05
6.876380000000000000e+05 4.392570000000000000e+05
9.080690000000000000e+05 1.465640000000000000e+05
4.964760000000000000e+05 1.403370000000000000e+05
4.227760000000000000e+05 8.083280000000000000e+05
8.899750000000000000e+05 5.893610000000000000e+05
1.416410000000000000e+05 5.573760000000000000e+05
1.271340000000000000e+05 3.798270000000000000e+05
4.089920000000000000e+05 4.622260000000000000e+05
1.571810000000000000e+05 3.468420000000000000e+05
3.949120000000000000e+05 7.559470000000000000e+05
7.866350000000000000e+05 2.693520000000000000e+05
8.615630000000000000e+05 6.616420000000000000e+05
8.235890000000000000e+05 7.280830000000000000e+05
5.929240000000000000e+05 3.937300000000000000e+05
1.539030000000000000e+05 3.537380000000000000e+05
3.320320000000000000e+05 1.577250000000000000e+05
2.305910000000000000e+05 8.748550000000000000e+05
8.214280000000000000e+05 1.534680000000000000e+05
2.921940000000000000e+05 9.064900000000000000e+05
3.588300000000000000e+05 4.316090000000000000e+05
4.087450000000000000e+05 8.248960000000000000e+05
6.701190000000000000e+05 8.590290000000000000e+05
1.085120000000000000e+05 5.259860000000000000e+05
