6.148511990754117473e-01 6.694596937301358075e-01
5.183472984686506857e-01 7.286911297312915758e-01
8.919387460271598345e-01 7.171337763652123609e-01
9.170759895983819909e-01 7.200231147067321924e-01
9.846865067899451818e-01 7.853221612250794736e-01
9.231436001155736149e-01 6.009823750361167338e-01
8.754695174804970614e-01 7.526726379659058885e-01
6.058942502167004029e-01 6.937301357989020811e-01
6.139843975729558645e-01 6.772609072522393081e-01
5.154579601271309652e-01 6.405663103149379367e-01
5.171915631320428419e-01 6.463449869979774887e-01
6.070499855533083577e-01 6.902629297890783278e-01
9.179427911008379848e-01 6.336318982952904300e-01
9.130309159202543157e-01 6.168737359144755850e-01
6.295868246171627547e-01 6.879514591158625292e-01
9.292112106327651277e-01 7.009534816527015488e-01
9.312337474718289654e-01 6.971973418087258345e-01
5.983819705287489743e-01 6.746605027448714376e-01
9.534816527015314014e-01 7.581623808147934795e-01
5.385726668592892841e-01 7.191563132042763096e-01
6.258306847731869293e-01 6.703264952325918014e-01
9.274776076278532511e-01 6.394105749783299819e-01
5.639988442646634015e-01 6.555908696908407940e-01
9.425021670037562194e-01 7.457382259462583818e-01
9.193874602715979005e-01 7.260907252239238163e-01
9.448136376769720179e-01 7.928344409130310133e-01
5.160358277954348871e-01 7.546951748049697262e-01
5.059231436001155879e-01 5.957815660213811038e-01
5.400173360300491998e-01 6.128286622363479097e-01
8.890494076856400030e-01 7.734758740248484088e-01
9.280554752961572840e-01 7.437156891071945441e-01
5.556197630742559790e-01 7.486275642877781022e-01
9.451025715111239789e-01 6.214966772609072931e-01
5.197919676394106014e-01 6.940190696330540421e-01
6.148511990754117473e-01 6.839063854377347429e-01
9.214099971106617382e-01 7.177116440335163938e-01
6.082057208899162015e-01 6.685928922276799247e-01
5.423288067032649984e-01 5.671771164403351939e-01
5.547529615718000962e-01 6.411441779832418586e-01
5.466628142155446346e-01 7.844553597226235908e-01
5.249927766541462315e-01 7.526726379659058885e-01
9.306558798035250435e-01 6.879514591158625292e-01
4.992776654146200976e-01 6.324761629586824752e-01
5.642877780988153624e-01 7.466050274487142646e-01
5.559086969084080510e-01 6.284310892805547999e-01
9.289222767986131668e-01 6.157180005778677412e-01
9.482808436867957713e-01 5.983819705287489743e-01
9.407685639988443427e-01 6.310314937879225594e-01
5.148800924588269323e-01 7.601849176538573172e-01
8.907830106905518797e-01 7.584513146489454405e-01
5.455070788789367908e-01 7.601849176538573172e-01
4.796301646922854767e-01 7.255128575556197834e-01
5.192140999711066796e-01 6.096503900606761173e-01
6.021381103727246886e-01 6.789945102571511848e-01
5.244149089858423096e-01 7.396706154290667579e-01
5.443513435423288360e-01 7.497832996243860570e-01
5.738225946258307397e-01 6.801502455937590286e-01
5.408841375325050826e-01 5.952036983530771819e-01
9.173649234325339519e-01 6.272753539439468451e-01
9.104305114128864451e-01 7.711644033516324992e-01
4.903207165559086977e-01 6.183184050852355007e-01
8.956948858711355488e-01 7.237792545507079067e-01
9.234325339497255758e-01 6.079167870557642406e-01
5.928922276798613833e-01 6.839063854377347429e-01
5.284599826639699849e-01 7.338919387460272059e-01
5.267263796590581082e-01 7.636521236636810706e-01
5.931811615140133442e-01 6.703264952325918014e-01
9.592603293845709533e-01 6.347876336318983848e-01
9.453915053452759398e-01 6.370991043051141833e-01
9.089858422421266404e-01 8.012135221034383248e-01
5.527304247327362585e-01 7.151112395261485233e-01
9.401906963305403098e-01 6.197630742559954165e-01
9.037850332273910103e-01 7.697197341808725835e-01
5.472406818838486675e-01 6.370991043051141833e-01
9.254550707887894134e-01 7.263796590580757773e-01
9.271886737937012901e-01 6.064721178850043248e-01
5.420398728691130374e-01 6.047385148800924481e-01
5.966483675238370976e-01 6.954637388038139578e-01
6.105171915631321111e-01 7.119329673504767309e-01
9.347009534816527188e-01 7.486275642877781022e-01
5.388616006934412450e-01 5.983819705287489743e-01
9.170759895983819909e-01 5.917364923432534285e-01
6.070499855533083577e-01 7.038428199942213803e-01
5.114128864490031789e-01 7.830106905518636751e-01
5.934700953481653052e-01 6.862178561109506525e-01
6.027159780410286105e-01 5.813348743137821684e-01
9.500144466917076480e-01 6.214966772609072931e-01
5.322161225079456992e-01 5.992487720312048571e-01
5.221034383126264000e-01 5.501300202253683880e-01
6.044495810459404872e-01 6.685928922276799247e-01
9.347009534816527188e-01 5.833574111528460060e-01
9.075411730713667247e-01 6.350765674660503457e-01
5.966483675238370976e-01 7.023981508234614646e-01
6.272753539439468451e-01 6.798613117596070676e-01
6.258306847731869293e-01 6.914186651256862826e-01
9.329673504767408421e-01 7.688529326784167006e-01
6.076278532216122796e-01 6.636810170470962555e-01
9.407685639988443427e-01 6.047385148800924481e-01
5.247038428199942706e-01 7.258017913897717444e-01
5.171915631320428419e-01 7.252239237214678225e-01
5.550418954059520571e-01 7.590291823172493624e-01
6.136954637388039036e-01 6.914186651256862826e-01
9.373013579890205893e-01 6.238081479341230917e-01
9.159202542617741472e-01 6.058942502167004029e-01
9.416353655013002255e-01 7.379370124241548812e-01
9.032071655590869774e-01 7.682750650101127787e-01
9.225657324472695819e-01 7.047096214966772632e-01
5.512857555619763428e-01 5.937590291823172661e-01
5.177694308003467638e-01 6.168737359144755850e-01
5.400173360300491998e-01 5.998266396995088900e-01
6.232302802658191698e-01 6.584802080323606255e-01
4.770297601849176616e-01 6.298757584513147156e-01
5.377058653568332902e-01 5.946258306847732600e-01
9.500144466917076480e-01 6.411441779832418586e-01
9.448136376769720179e-01 6.151401329095637083e-01
5.605316382548396481e-01 7.440046229413465051e-01
9.263218722912454073e-01 5.937590291823172661e-01
9.081190407396706465e-01 6.006934412019647729e-01
5.278821149956660630e-01 6.032938457093326434e-01
5.247038428199942706e-01 6.642588847154001774e-01
5.767119329673504602e-01 6.919965327939902044e-01
9.687951459115863306e-01 7.154001733603004842e-01
5.538861600693441023e-01 6.235192140999711308e-01
5.345275931811614978e-01 7.312915342386593354e-01
5.573533660791678557e-01 6.223634787633631760e-01
5.729557931233747459e-01 6.919965327939902044e-01
9.300780121352211216e-01 6.431667148223056962e-01
9.745738225946258826e-01 8.029471251083502015e-01
5.668881826061832330e-01 6.382548396417220271e-01
6.082057208899162015e-01 6.659924877203120541e-01
9.245882692863335306e-01 6.527015313493210735e-01
9.182317249349899457e-01 6.160069344120197021e-01
5.426177405374169593e-01 7.555619763074256090e-01
5.509968217278243818e-01 7.347587402484830887e-01
5.752672637965906555e-01 6.249638832707310465e-01
9.552152557064432781e-01 7.084657613406529775e-01
6.356544351343542676e-01 6.954637388038139578e-01
5.189251661369547186e-01 7.252239237214678225e-01
5.443513435423288360e-01 7.416931522681305955e-01
5.989598381970528962e-01 7.177116440335163938e-01
6.058942502167004029e-01 7.003756139843976269e-01
5.440624097081768751e-01 6.665703553886160870e-01
5.911586246749495066e-01 6.607916787055764241e-01
5.356833285177694526e-01 7.356255417509390826e-01
9.846865067899451818e-01 7.298468650678995306e-01
5.726668592892227849e-01 7.388038139266108750e-01
9.344120196475007578e-01 7.286911297312915758e-01
5.642877780988153624e-01 6.148511990754117473e-01
5.911586246749495066e-01 6.359433689685062285e-01
9.416353655013002255e-01 6.249638832707310465e-01
5.616873735914476029e-01 6.379659058075700662e-01
5.683328517769431487e-01 7.419820861022826675e-01
9.214099971106617382e-01 7.728980063565443759e-01
9.202542617740537834e-01 7.249349898873158615e-01
9.890205143022248180e-01 7.674082635076567849e-01
4.995665992487720586e-01 6.977752094770297564e-01
5.018780699219879127e-01 7.714533371857844601e-01
5.827795434845420841e-01 6.012713088702686948e-01
5.119907541173072119e-01 5.986709043629009352e-01
5.091014157757873804e-01 7.928344409130310133e-01
6.321872291245305142e-01 6.876625252817105682e-01
5.862467494943658375e-01 6.905518636232302887e-01
5.400173360300491998e-01 5.836463449869979669e-01
5.368390638543774074e-01 6.376769719734181052e-01
6.113839930655879940e-01 7.075989598381970946e-01
9.471251083501878165e-01 7.338919387460272059e-01
9.396128286622363879e-01 7.766541462005200902e-01
9.416353655013002255e-01 6.304536261196186375e-01
9.153423865934701142e-01 5.908696908407975457e-01
5.691996532793990315e-01 6.804391794279111005e-01
8.673793701242415999e-01 7.546951748049697262e-01
6.316093614562265923e-01 6.662814215544640151e-01
5.544640277376481352e-01 6.368101704709622224e-01
5.197919676394106014e-01 7.416931522681305955e-01
5.212366368101705172e-01 6.061831840508523639e-01
9.101415775787344842e-01 6.249638832707310465e-01
9.199653279399018224e-01 6.151401329095637083e-01
9.393238948280844269e-01 7.000866801502456660e-01
9.520369835307714856e-01 6.090725223923721954e-01
9.430800346720601413e-01 7.116440335163247699e-01
5.437734758740249141e-01 6.278532216122508780e-01
9.063854377347587699e-01 6.301646922854666766e-01
9.205431956082057443e-01 6.489453915053453592e-01
5.429066743715689203e-01 5.830684773186940451e-01
5.166136954637388090e-01 6.281421554464028389e-01
6.064721178850043248e-01 7.093325628431089713e-01
5.426177405374169593e-01 5.333718578445536540e-01
5.957815660213811038e-01 6.784166425888471519e-01
9.624386015602427458e-01 7.509390349609940118e-01
9.136087835885582376e-01 6.472117885004334825e-01
5.278821149956660630e-01 7.535394394683617714e-01
6.463449869979774887e-01 6.893961282866224449e-01
5.117018202831551399e-01 7.442935567754984660e-01
9.355677549841087126e-01 6.151401329095637083e-01
6.035827795434846044e-01 6.957526726379659188e-01
9.306558798035250435e-01 7.650967928344409863e-01
5.914475585091014675e-01 6.795723779254551067e-01
5.313493210054898164e-01 5.940479630164692271e-01
9.237214677838775367e-01 5.926032938457093113e-01
9.268997399595493292e-01 6.330540306269865081e-01
6.047385148800924481e-01 7.127997688529327247e-01
6.186073389193874617e-01 7.052874891649812961e-01
9.292112106327651277e-01 7.307136665703554135e-01
6.099393238948280782e-01 7.096214966772609323e-01
9.101415775787344842e-01 7.474718289511702585e-01
5.307714533371857835e-01 7.419820861022826675e-01
9.133198497544062766e-01 6.044495810459404872e-01
6.024270442068766496e-01 6.784166425888471519e-01
5.483964172204565113e-01 7.052874891649812961e-01
4.958104594047963443e-01 6.443224501589136510e-01
5.772898006356544931e-01 6.486564576711932872e-01
6.038717133776365653e-01 6.919965327939902044e-01
9.188095926032938676e-01 6.131175960704998706e-01
8.930944813637677893e-01 7.038428199942213803e-01
9.254550707887894134e-01 6.258306847731869293e-01
9.032071655590869774e-01 6.070499855533083577e-01
9.453915053452759398e-01 6.012713088702686948e-01
5.928922276798613833e-01 6.729268997399595609e-01
5.495521525570644661e-01 5.928922276798613833e-01
6.266974862756429232e-01 6.931522681305981592e-01
9.167870557642300300e-01 5.928922276798613833e-01
9.286333429644612059e-01 6.108061253972840721e-01
6.044495810459404872e-01 6.986420109794857503e-01
6.139843975729558645e-01 6.792834440913031457e-01
6.044495810459404872e-01 6.561687373591448269e-01
5.255706443224501534e-01 5.564865645767119728e-01
9.121641144177983218e-01 6.206298757584512993e-01
5.348165270153135697e-01 6.061831840508523639e-01
9.208321294423577053e-01 6.353655013002023066e-01
5.827795434845420841e-01 6.550130020225368721e-01
5.001444669170760360e-01 6.240970817682750527e-01
9.049407685639988541e-01 5.923143600115573504e-01
9.274776076278532511e-01 7.636521236636810706e-01
5.073678127708755037e-01 6.434556486564576572e-01
5.420398728691130374e-01 6.232302802658191698e-01
5.400173360300491998e-01 5.712221901184628692e-01
6.139843975729558645e-01 6.775498410863912691e-01
5.715111239526148301e-01 7.616295868246172329e-01
5.336607916787056149e-01 7.049985553308293351e-01
6.012713088702686948e-01 6.784166425888471519e-01
9.214099971106617382e-01 6.093614562265241563e-01
5.330829240104016931e-01 7.067321583357411008e-01
9.335452181450448750e-01 7.367812770875470374e-01
9.072522392372147637e-01 7.607627853221612391e-01
5.417509390349610765e-01 6.538572666859289173e-01
6.090725223923721954e-01 7.139555041895406795e-01
5.440624097081768751e-01 7.466050274487142646e-01
6.076278532216122796e-01 6.677260907252239308e-01
5.862467494943658375e-01 6.778387749205432300e-01
9.228546662814216539e-01 6.151401329095637083e-01
9.514591158624675638e-01 6.278532216122508780e-01
9.829529037850333051e-01 7.645189251661369534e-01
6.214966772609072931e-01 6.607916787055764241e-01
5.362611961860733745e-01 6.365212366368102614e-01
9.607049985553308691e-01 7.489164981219301742e-01
5.307714533371857835e-01 7.081768275065010165e-01
9.167870557642300300e-01 6.347876336318983848e-01
6.021381103727246886e-01 6.908407974573822496e-01
8.945391505345275940e-01 7.341808725801791669e-01
9.040739670615429713e-01 6.217856110950592541e-01
9.404796301646923817e-01 7.515169026292979337e-01
6.056053163825484420e-01 6.966194741404219126e-01
9.034960993932390494e-01 7.301357989020514916e-01
5.512857555619763428e-01 7.769430800346720511e-01
5.307714533371857835e-01 7.304247327362034525e-01
5.018780699219879127e-01 7.367812770875470374e-01
9.719734180872581231e-01 7.445824906096504270e-01
8.858711355099683216e-01 7.518058364634498947e-01
4.940768563998844676e-01 5.868246171626697594e-01
5.348165270153135697e-01 6.035827795434846044e-01
6.053163825483964811e-01 6.792834440913031457e-01
9.552152557064432781e-01 7.385148800924589141e-01
6.174516035827796179e-01 6.844842531060387758e-01
9.046518347298468932e-01 7.532505056342098104e-01
9.517480496966195247e-01 7.830106905518636751e-01
9.069633054030628028e-01 7.411152845998266736e-01
5.290378503322739068e-01 7.232013868824039848e-01
5.483964172204565113e-01 7.292689973995954977e-01
6.249638832707310465e-01 6.833285177694308210e-01
5.449292112106327579e-01 6.018491765385727277e-01
9.731291534238659668e-01 7.171337763652123609e-01
5.839352788211500389e-01 7.200231147067321924e-01
5.472406818838486675e-01 7.520947702976018556e-01
5.411730713666570436e-01 7.411152845998266736e-01
6.119618607338920269e-01 6.775498410863912691e-01
5.512857555619763428e-01 7.110661658480208480e-01
6.099393238948280782e-01 6.622363478763363398e-01
8.988731580468073412e-01 6.188962727535394226e-01
9.295001444669170887e-01 5.972262351921410195e-01
5.235481074833863158e-01 7.558509101415775699e-01
6.197630742559954165e-01 6.885293267841664511e-01
6.258306847731869293e-01 6.700375613984398404e-01
5.296157180005779397e-01 7.093325628431089713e-01
5.931811615140133442e-01 6.659924877203120541e-01
9.300780121352211216e-01 6.096503900606761173e-01
9.867090436290090194e-01 7.237792545507079067e-01
9.321005489742849592e-01 6.102282577289801502e-01
9.488587113550996932e-01 5.963594336896851367e-01
5.868246171626697594e-01 6.865067899451026134e-01
5.446402773764807970e-01 7.648078590002890254e-01
9.159202542617741472e-01 6.209188095926033713e-01
5.151690262929788933e-01 5.634209765963594796e-01
9.445247038428200570e-01 6.188962727535394226e-01
6.079167870557642406e-01 6.711932967350476842e-01
9.176538572666860238e-01 6.162958682461716631e-01
5.382837330251373231e-01 7.728980063565443759e-01
8.867379370124242044e-01 7.096214966772609323e-01
5.926032938457093113e-01 6.506789945102572359e-01
5.244149089858423096e-01 7.286911297312915758e-01
5.270153134932100691e-01 5.547529615718000962e-01
5.593759029182318043e-01 6.422999133198498134e-01
5.348165270153135697e-01 7.156891071944525562e-01
5.397284021958971278e-01 7.509390349609940118e-01
5.027448714244437955e-01 7.301357989020514916e-01
9.945102571511124090e-01 7.674082635076567849e-01
9.173649234325339519e-01 5.989598381970528962e-01
9.167870557642300300e-01 8.095926032938457473e-01
5.197919676394106014e-01 6.223634787633631760e-01
9.439468361745161351e-01 7.356255417509390826e-01
9.575267263796590766e-01 5.874024848309737923e-01
8.792256573244727758e-01 6.937301357989020811e-01
5.140132909563710495e-01 6.006934412019647729e-01
5.660213811037272391e-01 7.390927477607628360e-01
5.715111239526148301e-01 6.125397284021959488e-01
9.413464316671482646e-01 6.209188095926033713e-01
5.596648367523837653e-01 7.772320138688241231e-01
5.278821149956660630e-01 6.347876336318983848e-01
9.612828662236347910e-01 7.286911297312915758e-01
8.884715400173360811e-01 7.581623808147934795e-01
5.197919676394106014e-01 7.460271597804103427e-01
5.299046518347299006e-01 7.405374169315227517e-01
5.772898006356544931e-01 6.983530771453337893e-01
5.535972262351921414e-01 7.269575267263796992e-01
9.341230858133487969e-01 6.229413464316672089e-01
9.138977174227101985e-01 6.038717133776365653e-01
9.124530482519503938e-01 5.946258306847732600e-01
5.501300202253683880e-01 5.599537705865357262e-01
6.183184050852355007e-01 6.882403929500144901e-01
9.422132331696042584e-01 6.139843975729558645e-01
9.176538572666860238e-01 6.056053163825484420e-01
9.188095926032938676e-01 7.073100260040451337e-01
5.946258306847732600e-01 6.804391794279111005e-01
9.413464316671482646e-01 6.414331118173938195e-01
5.434845420398729532e-01 7.145333718578446014e-01
9.202542617740537834e-01 7.362034094192430045e-01
4.796301646922854767e-01 7.084657613406529775e-01
5.712221901184628692e-01 6.359433689685062285e-01
6.053163825483964811e-01 6.856399884426466196e-01
8.803813926610806195e-01 8.087258017913898644e-01
8.942502167003756330e-01 7.746316093614562526e-01
4.923432533949725909e-01 7.494943657902340961e-01
5.128575556197630947e-01 6.986420109794857503e-01
6.105171915631321111e-01 6.547240681883849112e-01
5.602427044206876872e-01 7.564287778098816029e-01
5.247038428199942706e-01 6.252528171048830075e-01
8.933834151979197502e-01 7.832996243860156360e-01
5.547529615718000962e-01 7.879225657324473442e-01
9.497255128575556871e-01 7.613406529904652720e-01
5.440624097081768751e-01 5.501300202253683880e-01
5.171915631320428419e-01 7.347587402484830887e-01
5.235481074833863158e-01 7.177116440335163938e-01
9.072522392372147637e-01 7.541173071366656933e-01
8.711355099682173142e-01 7.691418665125686616e-01
4.828084368679572691e-01 7.483386304536261413e-01
9.164981219300780690e-01 6.200520080901473774e-01
5.431956082057208812e-01 6.402773764807859758e-01
5.039006067610517503e-01 7.440046229413465051e-01
5.986709043629009352e-01 6.986420109794857503e-01
5.177694308003467638e-01 7.388038139266108750e-01
6.333429644611384690e-01 6.772609072522393081e-01
6.096503900606761173e-01 6.503900606761051639e-01
9.136087835885582376e-01 7.867668303958393894e-01
5.455070788789367908e-01 7.561398439757296419e-01
5.244149089858423096e-01 7.084657613406529775e-01
8.913608783588559126e-01 6.885293267841664511e-01
5.590869690840797324e-01 7.035538861600694194e-01
8.988731580468073412e-01 6.287200231147067608e-01
5.342386593470095368e-01 6.070499855533083577e-01
6.258306847731869293e-01 6.616584802080324179e-01
9.072522392372147637e-01 6.122507945680439878e-01
5.128575556197630947e-01 7.315804680728114073e-01
4.963883270731002662e-01 7.691418665125686616e-01
5.547529615718000962e-01 6.235192140999711308e-01
9.130309159202543157e-01 7.471828951170182975e-01
5.244149089858423096e-01 7.662525281710488301e-01
6.373880381392661443e-01 6.709043629008957232e-01
9.427911008379081803e-01 7.477607627853222194e-01
9.531927188673794404e-01 6.948858711355100359e-01
6.050274487142445201e-01 6.651256862178561713e-01
5.483964172204565113e-01 7.416931522681305955e-01
9.482808436867957713e-01 6.405663103149379367e-01
5.365501300202254464e-01 7.249349898873158615e-01
5.527304247327362585e-01 7.743426755273042916e-01
5.333718578445536540e-01 5.775787344698064540e-01
5.408841375325050826e-01 7.570066454781855247e-01
9.248772031204854915e-01 6.209188095926033713e-01
6.154290667437156692e-01 7.023981508234614646e-01
9.075411730713667247e-01 6.310314937879225594e-01
9.211210632765097772e-01 6.110950592314360330e-01
5.284599826639699849e-01 7.347587402484830887e-01
5.249927766541462315e-01 7.101993643455648542e-01
4.943657902340364285e-01 7.558509101415775699e-01
5.715111239526148301e-01 5.946258306847732600e-01
5.385726668592892841e-01 6.292978907830106827e-01
9.361456226524126345e-01 7.694308003467206225e-01
5.319271886737937383e-01 7.312915342386593354e-01
4.758740248483097623e-01 7.292689973995954977e-01
9.731291534238659668e-01 7.327362034094192511e-01
5.226813059809304329e-01 7.385148800924589141e-01
5.645767119329674344e-01 6.134065299046518316e-01
5.261485119907541863e-01 6.258306847731869293e-01
9.306558798035250435e-01 7.601849176538573172e-01
5.342386593470095368e-01 7.344698064143311278e-01
9.445247038428200570e-01 6.240970817682750527e-01
6.168737359144755850e-01 6.636810170470962555e-01
6.186073389193874617e-01 6.607916787055764241e-01
5.429066743715689203e-01 7.087546951748050494e-01
9.084079745738226075e-01 7.428488876047385503e-01
9.323894828084369202e-01 6.009823750361167338e-01
9.274776076278532511e-01 6.096503900606761173e-01
5.567754984108639338e-01 6.058942502167004029e-01
4.836752383704132074e-01 6.131175960704998706e-01
6.148511990754117473e-01 6.928633342964461983e-01
5.885582201675816361e-01 5.885582201675816361e-01
6.099393238948280782e-01 6.425888471540017743e-01
5.183472984686506857e-01 6.321872291245305142e-01
9.361456226524126345e-01 5.952036983530771819e-01
5.905807570066454737e-01 6.997977463160937051e-01
5.411730713666570436e-01 6.344986997977463128e-01
9.026292978907830555e-01 6.047385148800924481e-01
6.249638832707310465e-01 6.917075989598382435e-01
9.063854377347587699e-01 7.130887026870846856e-01
5.241259751516902377e-01 6.165848020803236240e-01
9.089858422421266404e-01 6.131175960704998706e-01
6.142733314071078254e-01 6.934412019647501202e-01
4.992776654146200976e-01 5.949147645189252209e-01
5.882692863334296751e-01 6.896850621207744059e-01
6.076278532216122796e-01 7.093325628431089713e-01
6.284310892805547999e-01 6.943080034672060030e-01
5.663103149378793111e-01 7.208899162091881863e-01
9.257440046229413744e-01 6.249638832707310465e-01
9.482808436867957713e-01 5.963594336896851367e-01
6.220745449292112150e-01 6.714822305691996451e-01
9.445247038428200570e-01 6.180294712510835398e-01
5.876914186651257532e-01 6.778387749205432300e-01
5.411730713666570436e-01 7.353366079167871217e-01
6.310314937879225594e-01 6.477896561687374044e-01
5.888471540017335970e-01 5.868246171626697594e-01
9.323894828084369202e-01 7.714533371857844601e-01
5.969373013579890586e-01 6.784166425888471519e-01
6.015602427044207667e-01 6.784166425888471519e-01
9.352788211499567517e-01 6.145622652412597864e-01
9.216989309448136991e-01 6.131175960704998706e-01
9.323894828084369202e-01 6.001155735336608510e-01
5.082346142733313865e-01 5.908696908407975457e-01
5.998266396995088900e-01 6.844842531060387758e-01
5.963594336896851367e-01 6.879514591158625292e-01
9.112973129153424390e-01 7.445824906096504270e-01
9.162091880959261081e-01 6.030049118751805715e-01
5.273042473273620301e-01 6.108061253972840721e-01
9.260329384570933353e-01 6.050274487142445201e-01
5.327939901762496211e-01 6.087835885582202344e-01
5.117018202831551399e-01 7.454492921121064208e-01
9.205431956082057443e-01 6.362323028026581895e-01
9.185206587691419067e-01 6.287200231147067608e-01
5.287489164981219458e-01 6.446113839930656120e-01
6.113839930655879940e-01 6.613695463738804570e-01
9.578156602138110376e-01 7.477607627853222194e-01
5.209477029760185562e-01 8.093036694596937863e-01
9.222767986131176210e-01 6.180294712510835398e-01
5.024559375902918346e-01 6.466339208321294496e-01
9.193874602715979005e-01 7.425599537705865893e-01
5.394394683617451669e-01 7.489164981219301742e-01
5.579312337474718886e-01 6.284310892805547999e-01
6.515457960127131187e-01 6.743715689107194766e-01
5.316382548396417773e-01 7.344698064143311278e-01
5.940479630164692271e-01 6.977752094770297564e-01
5.481074833863045503e-01 7.437156891071945441e-01
9.043629008956949322e-01 5.819127419820860903e-01
5.706443224501589473e-01 6.919965327939902044e-01
5.223923721467784720e-01 7.379370124241548812e-01
5.345275931811614978e-01 6.558798035249928660e-01
9.364345564865645954e-01 6.116729268997399549e-01
5.466628142155446346e-01 7.367812770875470374e-01
9.315226813059810373e-01 6.125397284021959488e-01
9.321005489742849592e-01 6.035827795434846044e-01
9.427911008379081803e-01 7.861889627275354675e-01
5.446402773764807970e-01 6.087835885582202344e-01
8.974284888760474255e-01 7.512279687951459728e-01
5.186362323028026466e-01 6.382548396417220271e-01
8.720023114706733081e-01 7.298468650678995306e-01
5.348165270153135697e-01 6.850621207743426977e-01
6.203409419242993383e-01 6.662814215544640151e-01
5.518636232302802647e-01 7.428488876047385503e-01
5.804680728113262855e-01 6.983530771453337893e-01
5.325050563420976601e-01 6.735047674082635938e-01
5.489742848887605442e-01 6.350765674660503457e-01
8.858711355099683216e-01 6.535683328517769564e-01
5.388616006934412450e-01 7.422710199364346284e-01
5.339497255128575759e-01 7.344698064143311278e-01
9.612828662236347910e-01 7.327362034094192511e-01
5.735336607916787788e-01 7.263796590580757773e-01
8.751805836463449895e-01 7.396706154290667579e-01
8.763363189829529443e-01 7.286911297312915758e-01
5.668881826061832330e-01 6.177405374169315788e-01
9.214099971106617382e-01 6.304536261196186375e-01
9.344120196475007578e-01 7.336030049118752450e-01
5.336607916787056149e-01 6.119618607338920269e-01
9.326784166425888811e-01 6.015602427044207667e-01
9.297890783010691607e-01 7.286911297312915758e-01
6.368101704709622224e-01 7.078878936723490556e-01
5.388616006934412450e-01 7.243571222190119396e-01
5.475296157180006285e-01 6.041606472117885263e-01
6.073389193874603187e-01 6.792834440913031457e-01
9.046518347298468932e-01 7.694308003467206225e-01
6.223634787633631760e-01 6.633920832129442946e-01
9.540595203698353233e-01 7.538283733025137323e-01
5.148800924588269323e-01 7.411152845998266736e-01
5.362611961860733745e-01 5.998266396995088900e-01
9.404796301646923817e-01 6.058942502167004029e-01
5.281710488298180239e-01 5.665992487720312720e-01
5.391505345275932060e-01 7.099104305114128932e-01
9.104305114128864451e-01 6.177405374169315788e-01
5.015891360878359517e-01 7.538283733025137323e-01
9.176538572666860238e-01 6.076278532216122796e-01
5.616873735914476029e-01 6.258306847731869293e-01
6.379659058075700662e-01 6.804391794279111005e-01
9.266108061253973682e-01 6.995088124819416331e-01
5.235481074833863158e-01 7.197341808725802315e-01
9.049407685639988541e-01 7.408263507656747127e-01
5.414620052008090045e-01 5.980930366945970134e-01
9.393238948280844269e-01 7.321583357411153292e-01
6.110950592314360330e-01 6.636810170470962555e-01
9.081190407396706465e-01 7.627853221612250767e-01
9.349898873158046797e-01 6.281421554464028389e-01
5.374169315226813293e-01 7.281132620629876540e-01
5.252817104882981925e-01 6.269864201097948841e-01
5.322161225079456992e-01 7.454492921121064208e-01
9.390349609939324660e-01 7.572955793123374857e-01
5.391505345275932060e-01 7.023981508234614646e-01
5.394394683617451669e-01 7.659635943368968691e-01
9.144755850910142314e-01 7.471828951170182975e-01
9.058075700664548480e-01 7.451603582779543489e-01
9.214099971106617382e-01 6.209188095926033713e-01
9.456804391794280118e-01 7.653857266685929472e-01
6.206298757584512993e-01 7.159780410286045171e-01
5.579312337474718886e-01 6.269864201097948841e-01
9.245882692863335306e-01 6.295868246171627547e-01
9.439468361745161351e-01 7.142444380236926404e-01
9.358566888182606736e-01 6.105171915631321111e-01
5.414620052008090045e-01 7.575845131464894466e-01
9.127419820861023547e-01 6.151401329095637083e-01
5.221034383126264000e-01 6.446113839930656120e-01
9.271886737937012901e-01 6.087835885582202344e-01
9.069633054030628028e-01 6.131175960704998706e-01
5.174804969661948029e-01 5.850910141577578827e-01
9.742848887604739216e-01 7.780988153712800059e-01
8.607338919387460541e-01 7.255128575556197834e-01
9.251661369546374525e-01 6.258306847731869293e-01
6.307425599537705985e-01 6.969084079745738736e-01
6.116729268997399549e-01 6.810170470962150224e-01
5.498410863912164270e-01 7.032649523259174584e-01
5.307714533371857835e-01 5.691996532793990315e-01
5.134354232880670166e-01 6.550130020225368721e-01
4.900317827217567368e-01 5.900028893383415518e-01
6.373880381392661443e-01 6.983530771453337893e-01
5.382837330251373231e-01 5.567754984108639338e-01
6.027159780410286105e-01 6.919965327939902044e-01
5.125686217856111337e-01 7.315804680728114073e-01
5.512857555619763428e-01 7.101993643455648542e-01
5.351054608494655307e-01 7.336030049118752450e-01
9.754406240970818764e-01 7.492054319560821352e-01
5.833574111528460060e-01 6.275642877780988060e-01
6.030049118751805715e-01 6.891071944524703730e-01
5.518636232302802647e-01 7.393816815949147969e-01
4.747182895117018631e-01 6.272753539439468451e-01
9.266108061253973682e-01 6.188962727535394226e-01
8.642010979485698074e-01 7.055764229991332570e-01
5.856688818260619156e-01 7.104882981797169261e-01
5.229702398150823939e-01 6.524125975151691126e-01
5.073678127708755037e-01 7.402484830973707908e-01
9.225657324472695819e-01 5.810459404796302074e-01
5.957815660213811038e-01 6.899739959549263668e-01
6.012713088702686948e-01 6.833285177694308210e-01
9.549263218722913171e-01 7.315804680728114073e-01
5.385726668592892841e-01 7.682750650101127787e-01
6.070499855533083577e-01 6.931522681305981592e-01
9.459693730135799727e-01 7.445824906096504270e-01
9.112973129153424390e-01 7.613406529904652720e-01
4.810748338630453924e-01 6.740826350765675157e-01
5.122796879514591728e-01 6.469228546662814106e-01
5.215255706443224781e-01 6.035827795434846044e-01
9.468361745160358556e-01 7.336030049118752450e-01
9.266108061253973682e-01 7.931233747471829743e-01
6.379659058075700662e-01 6.778387749205432300e-01
9.618607338919388239e-01 7.292689973995954977e-01
9.078301069055186856e-01 6.113839930655879940e-01
9.248772031204854915e-01 6.310314937879225594e-01
9.367234903207165564e-01 7.151112395261485233e-01
5.420398728691130374e-01 6.004045073678128119e-01
5.154579601271309652e-01 5.576422999133199276e-01
9.144755850910142314e-01 6.330540306269865081e-01
4.958104594047963443e-01 7.590291823172493624e-01
8.982952903785034193e-01 6.943080034672060030e-01
6.084946547240682735e-01 7.113550996821728090e-01
5.310603871713377444e-01 5.819127419820860903e-01
5.145911586246749714e-01 7.463160936145623037e-01
8.757584513146490224e-01 7.411152845998266736e-01
5.550418954059520571e-01 6.963305403062699517e-01
5.111239526148512180e-01 7.272464605605316601e-01
5.431956082057208812e-01 7.425599537705865893e-01
6.082057208899162015e-01 6.882403929500144901e-01
9.263218722912454073e-01 6.047385148800924481e-01
9.419242993354521865e-01 6.058942502167004029e-01
5.452181450447848299e-01 7.208899162091881863e-01
5.371279976885293683e-01 6.310314937879225594e-01
5.261485119907541863e-01 7.460271597804103427e-01
9.364345564865645954e-01 7.477607627853222194e-01
9.520369835307714856e-01 6.220745449292112150e-01
6.344986997977463128e-01 6.914186651256862826e-01
8.945391505345275940e-01 7.821438890494076812e-01
5.515746893961283037e-01 6.082057208899162015e-01
5.310603871713377444e-01 5.631320427622075186e-01
5.183472984686506857e-01 7.486275642877781022e-01
6.102282577289801502e-01 6.509679283444091968e-01
8.974284888760474255e-01 7.578734469806415186e-01
5.564865645767119728e-01 7.310026004045073744e-01
9.453915053452759398e-01 7.954348454203987728e-01
5.449292112106327579e-01 5.940479630164692271e-01
5.287489164981219458e-01 7.099104305114128932e-01
9.190985264374458286e-01 7.957237792545507338e-01
5.137243571222190885e-01 7.463160936145623037e-01
9.182317249349899457e-01 6.096503900606761173e-01
5.388616006934412450e-01 6.763941057497833143e-01
9.130309159202543157e-01 6.281421554464028389e-01
5.478185495521525894e-01 7.214677838774921081e-01
9.266108061253973682e-01 6.113839930655879940e-01
5.232591736492343548e-01 5.842242126553019999e-01
5.206587691418665953e-01 7.434267552730424722e-01
5.504189540595203489e-01 7.760762785322161683e-01
9.052297023981509261e-01 6.186073389193874617e-01
5.143022247905230104e-01 6.905518636232302887e-01
6.021381103727246886e-01 6.740826350765675157e-01
9.240104016180294977e-01 7.656746605027449082e-01
9.141866512568622705e-01 6.145622652412597864e-01
5.157468939612829262e-01 7.676971973418087458e-01
8.873158046807281263e-01 7.090436290089570104e-01
5.186362323028026466e-01 6.425888471540017743e-01
9.069633054030628028e-01 6.139843975729558645e-01
5.885582201675816361e-01 6.813059809303669834e-01
5.807570066454782465e-01 6.813059809303669834e-01
5.845131464894539608e-01 6.818838485986709053e-01
9.352788211499567517e-01 6.385437734758740991e-01
5.330829240104016931e-01 5.775787344698064540e-01
9.060965039006068089e-01 7.581623808147934795e-01
5.576422999133199276e-01 5.986709043629009352e-01
8.945391505345275940e-01 7.665414620052009020e-01
9.190985264374458286e-01 5.908696908407975457e-01
9.159202542617741472e-01 7.032649523259174584e-01
9.292112106327651277e-01 7.546951748049697262e-01
6.079167870557642406e-01 6.870846576134065353e-01
9.670615429066744539e-01 7.416931522681305955e-01
5.275931811615139910e-01 7.445824906096504270e-01
5.489742848887605442e-01 6.431667148223056962e-01
5.015891360878359517e-01 7.500722334585380180e-01
5.163247616295868481e-01 7.359144755850910435e-01
6.084946547240682735e-01 6.919965327939902044e-01
5.336607916787056149e-01 6.203409419242993383e-01
9.173649234325339519e-01 6.200520080901473774e-01
5.351054608494655307e-01 7.191563132042763096e-01
4.885871135509968766e-01 6.287200231147067608e-01
9.604160647211789081e-01 6.246749494365790856e-01
5.949147645189252209e-01 6.613695463738804570e-01
6.035827795434846044e-01 6.763941057497833143e-01
5.307714533371857835e-01 6.394105749783299819e-01
5.408841375325050826e-01 7.333140710777232840e-01
9.115862467494943999e-01 7.642299913319849924e-01
9.436579023403640631e-01 6.240970817682750527e-01
6.145622652412597864e-01 6.902629297890783278e-01
5.203698353077145233e-01 6.327650967928344361e-01
6.264085524414909623e-01 7.182895117018203157e-01
9.347009534816527188e-01 7.266685928922277382e-01
8.907830106905518797e-01 7.437156891071945441e-01
9.338341519791968359e-01 6.347876336318983848e-01
5.351054608494655307e-01 7.041317538283733413e-01
9.052297023981509261e-01 7.769430800346720511e-01
8.847154001733603668e-01 7.327362034094192511e-01
5.105460849465472961e-01 6.963305403062699517e-01
5.099682172782432632e-01 7.292689973995954977e-01
9.095637099104305623e-01 7.541173071366656933e-01
9.347009534816527188e-01 6.171626697486275459e-01
4.859867090436290615e-01 5.735336607916787788e-01
9.893094481363767789e-01 7.457382259462583818e-01
5.429066743715689203e-01 6.194741404218434555e-01
5.587980352499277714e-01 7.601849176538573172e-01
5.050563420976597051e-01 6.622363478763363398e-01
6.223634787633631760e-01 6.697486275642877684e-01
9.664836752383704210e-01 7.694308003467206225e-01
5.258595781566021143e-01 7.393816815949147969e-01
9.289222767986131668e-01 5.923143600115573504e-01
5.218145044784744391e-01 6.680150245593758918e-01
9.032071655590869774e-01 7.364923432533949654e-01
9.266108061253973682e-01 6.044495810459404872e-01
5.440624097081768751e-01 6.067610517191563968e-01
5.937590291823172661e-01 6.830395839352788601e-01
9.150534527593181533e-01 6.316093614562265923e-01
9.147645189251661924e-01 6.035827795434846044e-01
9.448136376769720179e-01 6.099393238948280782e-01
9.433689685062121022e-01 6.420109794856978525e-01
9.347009534816527188e-01 6.477896561687374044e-01
5.460849465472407127e-01 7.590291823172493624e-01
9.086969084079746795e-01 5.937590291823172661e-01
9.419242993354521865e-01 5.992487720312048571e-01
5.822016758162381622e-01 6.212077434267553322e-01
8.841375325050564449e-01 7.636521236636810706e-01
9.205431956082057443e-01 7.307136665703554135e-01
5.264374458249061473e-01 7.292689973995954977e-01
6.168737359144755850e-01 7.058653568332852180e-01
9.399017624963883488e-01 7.775209477029760841e-01
6.396995088124819429e-01 6.902629297890783278e-01
8.982952903785034193e-01 6.454781854955216058e-01
9.107194452470385171e-01 6.264085524414909623e-01
9.373013579890205893e-01 6.344986997977463128e-01
9.196763941057498615e-01 6.041606472117885263e-01
9.159202542617741472e-01 6.119618607338920269e-01
5.091014157757873804e-01 6.836174516035827819e-01
9.211210632765097772e-01 7.853221612250794736e-01
9.066743715689107308e-01 6.073389193874603187e-01
9.164981219300780690e-01 7.460271597804103427e-01
5.403062698642011608e-01 7.101993643455648542e-01
5.342386593470095368e-01 6.740826350765675157e-01
9.364345564865645954e-01 7.133776365212366466e-01
6.353655013002023066e-01 7.012424154868535098e-01
6.061831840508523639e-01 7.012424154868535098e-01
6.310314937879225594e-01 7.087546951748050494e-01
5.356833285177694526e-01 7.688529326784167006e-01
5.882692863334296751e-01 6.795723779254551067e-01
5.469517480496965955e-01 5.483964172204565113e-01
5.226813059809304329e-01 7.376480785900029202e-01
8.954059520369835878e-01 7.769430800346720511e-01
5.186362323028026466e-01 7.081768275065010165e-01
5.114128864490031789e-01 7.330251372435712121e-01
5.518636232302802647e-01 7.610517191563132000e-01
5.345275931811614978e-01 5.700664547818550254e-01
1.000000000000000000e+00 7.330251372435712121e-01
9.153423865934701142e-01 6.096503900606761173e-01
9.017624963883271727e-01 7.555619763074256090e-01
9.318116151401329983e-01 5.931811615140133442e-01
5.541750939034961743e-01 7.223345853799479910e-01
5.940479630164692271e-01 6.859289222767986915e-01
6.136954637388039036e-01 6.706154290667437623e-01
9.722623519214100840e-01 6.983530771453337893e-01
9.245882692863335306e-01 7.492054319560821352e-01
9.335452181450448750e-01 7.789656168737359998e-01
5.050563420976597051e-01 7.494943657902340961e-01
9.390349609939324660e-01 6.186073389193874617e-01
5.388616006934412450e-01 7.489164981219301742e-01
9.401906963305403098e-01 6.301646922854666766e-01
9.586824617162670314e-01 6.209188095926033713e-01
5.397284021958971278e-01 7.737648078590003697e-01
6.492343253394973202e-01 6.602138110372725022e-01
5.561976307425600119e-01 6.862178561109506525e-01
4.958104594047963443e-01 5.732447269575267068e-01
9.566599248772031938e-01 7.812770875469517984e-01
9.043629008956949322e-01 6.310314937879225594e-01
5.299046518347299006e-01 5.963594336896851367e-01
5.330829240104016931e-01 7.509390349609940118e-01
5.183472984686506857e-01 6.056053163825484420e-01
5.509968217278243818e-01 7.437156891071945441e-01
9.049407685639988541e-01 7.367812770875470374e-01
9.257440046229413744e-01 6.258306847731869293e-01
9.656168737359145382e-01 7.492054319560821352e-01
9.164981219300780690e-01 5.926032938457093113e-01
4.608494654724068496e-01 5.914475585091014675e-01
5.030338052585957564e-01 7.749205431956082135e-01
5.010112684195319188e-01 7.180005778676683548e-01
9.332562843108928030e-01 5.908696908407975457e-01
9.130309159202543157e-01 7.428488876047385503e-01
5.371279976885293683e-01 7.584513146489454405e-01
5.518636232302802647e-01 7.336030049118752450e-01
5.336607916787056149e-01 7.104882981797169261e-01
6.316093614562265923e-01 6.997977463160937051e-01
9.399017624963883488e-01 6.252528171048830075e-01
5.611095059231436810e-01 5.992487720312048571e-01
6.004045073678128119e-01 6.665703553886160870e-01
5.313493210054898164e-01 6.047385148800924481e-01
6.084946547240682735e-01 7.052874891649812961e-01
6.446113839930656120e-01 6.914186651256862826e-01
5.195030338052586405e-01 5.978041028604449414e-01
5.267263796590581082e-01 7.408263507656747127e-01
6.070499855533083577e-01 6.801502455937590286e-01
5.882692863334296751e-01 6.697486275642877684e-01
9.583935278821150705e-01 7.243571222190119396e-01
9.086969084079746795e-01 7.939901762496388571e-01
5.613984397572956420e-01 7.341808725801791669e-01
5.215255706443224781e-01 7.168448425310604000e-01
4.937879225657324511e-01 6.342097659635943518e-01
5.304825195030338225e-01 6.376769719734181052e-01
5.671771164403351939e-01 7.093325628431089713e-01
5.151690262929788933e-01 7.509390349609940118e-01
5.631320427622075186e-01 5.639988442646634015e-01
9.303669459693730825e-01 6.093614562265241563e-01
9.404796301646923817e-01 7.535394394683617714e-01
9.228546662814216539e-01 6.209188095926033713e-01
5.587980352499277714e-01 6.041606472117885263e-01
5.235481074833863158e-01 7.324472695752672902e-01
5.475296157180006285e-01 6.076278532216122796e-01
5.472406818838486675e-01 7.552730424732736481e-01
9.179427911008379848e-01 6.451892516613695339e-01
9.618607338919388239e-01 7.385148800924589141e-01
5.952036983530771819e-01 6.657035538861600932e-01
6.134065299046518316e-01 6.584802080323606255e-01
5.928922276798613833e-01 5.608205720889916090e-01
6.076278532216122796e-01 6.703264952325918014e-01
5.299046518347299006e-01 7.243571222190119396e-01
9.404796301646923817e-01 6.160069344120197021e-01
6.119618607338920269e-01 6.893961282866224449e-01
5.787344698064144088e-01 7.861889627275354675e-01
5.989598381970528962e-01 6.891071944524703730e-01
5.463738803813926737e-01 7.437156891071945441e-01
6.015602427044207667e-01 7.052874891649812961e-01
9.202542617740537834e-01 7.766541462005200902e-01
5.706443224501589473e-01 7.598959838197053562e-01
5.622652412597515248e-01 7.243571222190119396e-01
4.995665992487720586e-01 6.050274487142445201e-01
5.261485119907541863e-01 7.454492921121064208e-01
5.547529615718000962e-01 5.885582201675816361e-01
5.801791389771742136e-01 7.431378214388905112e-01
9.367234903207165564e-01 7.662525281710488301e-01
5.278821149956660630e-01 6.197630742559954165e-01
5.007223345853799579e-01 7.304247327362034525e-01
6.067610517191563968e-01 7.052874891649812961e-01
5.073678127708755037e-01 5.848020803236059217e-01
9.188095926032938676e-01 7.252239237214678225e-01
8.867379370124242044e-01 6.971973418087258345e-01
6.160069344120197021e-01 6.888182606183184120e-01
5.414620052008090045e-01 6.480785900028893654e-01
5.616873735914476029e-01 7.544062409708177652e-01
9.251661369546374525e-01 7.145333718578446014e-01
5.602427044206876872e-01 7.546951748049697262e-01
8.798035249927766976e-01 7.388038139266108750e-01
9.144755850910142314e-01 5.876914186651257532e-01
5.192140999711066796e-01 6.321872291245305142e-01
5.446402773764807970e-01 7.344698064143311278e-01
5.405952036983531217e-01 6.015602427044207667e-01
5.859578156602138765e-01 6.700375613984398404e-01
9.245882692863335306e-01 6.269864201097948841e-01
4.949436579023404059e-01 7.304247327362034525e-01
5.333718578445536540e-01 7.373591447558509593e-01
6.082057208899162015e-01 6.997977463160937051e-01
6.168737359144755850e-01 6.856399884426466196e-01
9.127419820861023547e-01 6.093614562265241563e-01
6.269864201097948841e-01 6.807281132620630615e-01
5.507078878936724209e-01 6.605027448714244631e-01
5.411730713666570436e-01 7.622074544929211548e-01
6.035827795434846044e-01 6.922854666281421654e-01
5.186362323028026466e-01 7.622074544929211548e-01
5.879803524992777142e-01 7.058653568332852180e-01
5.478185495521525894e-01 6.344986997977463128e-01
8.899162091880959968e-01 7.073100260040451337e-01
9.491476451892517652e-01 7.422710199364346284e-01
9.214099971106617382e-01 6.030049118751805715e-01
9.133198497544062766e-01 6.217856110950592541e-01
5.371279976885293683e-01 7.653857266685929472e-01
9.344120196475007578e-01 5.876914186651257532e-01
5.353943946836174916e-01 6.134065299046518316e-01
5.859578156602138765e-01 5.972262351921410195e-01
9.188095926032938676e-01 6.171626697486275459e-01
9.485697775209477323e-01 7.931233747471829743e-01
6.411441779832418586e-01 6.801502455937590286e-01
5.483964172204565113e-01 6.590580757006645474e-01
9.127419820861023547e-01 7.061542906674371789e-01
9.289222767986131668e-01 7.307136665703554135e-01
6.370991043051141833e-01 7.249349898873158615e-01
5.105460849465472961e-01 5.663103149378793111e-01
4.984108639121641593e-01 5.833574111528460060e-01
5.483964172204565113e-01 7.648078590002890254e-01
9.321005489742849592e-01 7.362034094192430045e-01
5.625541750939034857e-01 7.266685928922277382e-01
5.313493210054898164e-01 7.061542906674371789e-01
5.417509390349610765e-01 6.018491765385727277e-01
9.049407685639988541e-01 7.555619763074256090e-01
5.140132909563710495e-01 7.575845131464894466e-01
5.561976307425600119e-01 6.160069344120197021e-01
9.436579023403640631e-01 7.041317538283733413e-01
5.790234036405663698e-01 6.102282577289801502e-01
5.504189540595203489e-01 7.382259462583068421e-01
9.635943368968507006e-01 7.145333718578446014e-01
9.410574978329963036e-01 6.110950592314360330e-01
5.264374458249061473e-01 5.770008668015025322e-01
9.081190407396706465e-01 7.292689973995954977e-01
9.179427911008379848e-01 5.992487720312048571e-01
5.192140999711066796e-01 7.315804680728114073e-01
9.190985264374458286e-01 6.206298757584512993e-01
9.266108061253973682e-01 7.515169026292979337e-01
5.579312337474718886e-01 6.402773764807859758e-01
4.932100548974285292e-01 7.555619763074256090e-01
9.557931233747472000e-01 7.596070499855533953e-01
4.856977752094770451e-01 5.972262351921410195e-01
6.108061253972840721e-01 6.564576711932967878e-01
5.900028893383415518e-01 7.096214966772609323e-01
9.303669459693730825e-01 5.876914186651257532e-01
4.796301646922854767e-01 7.217567177116440691e-01
8.997399595492632240e-01 6.186073389193874617e-01
6.232302802658191698e-01 6.969084079745738736e-01
9.205431956082057443e-01 7.070210921698931728e-01
6.134065299046518316e-01 6.951748049696619969e-01
9.098526437445825232e-01 5.784455359722623369e-01
5.059231436001155879e-01 5.983819705287489743e-01
6.298757584513147156e-01 6.717711644033517171e-01
9.453915053452759398e-01 7.572955793123374857e-01
9.306558798035250435e-01 6.304536261196186375e-01
9.112973129153424390e-01 6.463449869979774887e-01
9.283444091303092449e-01 6.064721178850043248e-01
6.073389193874603187e-01 6.593470095348166193e-01
5.582201675816238495e-01 7.468939612828662256e-01
9.592603293845709533e-01 7.529615718000578495e-01
9.271886737937012901e-01 6.521236636810170406e-01
8.922276798613117954e-01 7.665414620052009020e-01
6.194741404218434555e-01 7.159780410286045171e-01
9.289222767986131668e-01 6.087835885582202344e-01
5.177694308003467638e-01 7.130887026870846856e-01
9.150534527593181533e-01 6.148511990754117473e-01
6.171626697486275459e-01 6.882403929500144901e-01
9.231436001155736149e-01 6.440335163247616901e-01
5.099682172782432632e-01 5.954926321872291428e-01
6.035827795434846044e-01 6.550130020225368721e-01
5.209477029760185562e-01 6.359433689685062285e-01
9.237214677838775367e-01 7.107772320138688871e-01
9.190985264374458286e-01 7.445824906096504270e-01
5.926032938457093113e-01 6.631031493787923337e-01
5.232591736492343548e-01 7.237792545507079067e-01
9.303669459693730825e-01 6.084946547240682735e-01
5.333718578445536540e-01 7.099104305114128932e-01
5.501300202253683880e-01 7.471828951170182975e-01
5.186362323028026466e-01 7.347587402484830887e-01
5.541750939034961743e-01 7.405374169315227517e-01
5.258595781566021143e-01 7.353366079167871217e-01
9.303669459693730825e-01 7.295579312337474587e-01
5.455070788789367908e-01 6.024270442068766496e-01
6.021381103727246886e-01 6.896850621207744059e-01
5.420398728691130374e-01 7.578734469806415186e-01
5.998266396995088900e-01 6.662814215544640151e-01
5.533082924010401804e-01 7.526726379659058885e-01
6.162958682461716631e-01 6.735047674082635938e-01
5.247038428199942706e-01 7.295579312337474587e-01
5.429066743715689203e-01 5.937590291823172661e-01
5.969373013579890586e-01 6.688818260618318856e-01
6.128286622363479097e-01 6.599248772031205412e-01
5.171915631320428419e-01 7.584513146489454405e-01
8.930944813637677893e-01 7.263796590580757773e-01
9.451025715111239789e-01 7.457382259462583818e-01
9.349898873158046797e-01 6.073389193874603187e-01
5.096792834440913023e-01 6.535683328517769564e-01
6.145622652412597864e-01 6.865067899451026134e-01
5.151690262929788933e-01 7.327362034094192511e-01
5.382837330251373231e-01 5.764229991331984992e-01
9.271886737937012901e-01 6.292978907830106827e-01
5.752672637965906555e-01 6.743715689107194766e-01
5.148800924588269323e-01 6.460560531638255277e-01
9.170759895983819909e-01 7.327362034094192511e-01
9.245882692863335306e-01 7.885004334007512661e-01
5.518636232302802647e-01 6.573244726957526707e-01
6.316093614562265923e-01 7.206009823750361143e-01
9.451025715111239789e-01 7.298468650678995306e-01
4.712510835018781097e-01 5.928922276798613833e-01
5.559086969084080510e-01 7.471828951170182975e-01
9.078301069055186856e-01 7.220456515457960300e-01
6.477896561687374044e-01 6.711932967350476842e-01
9.728402195897140059e-01 7.630742559953771487e-01
5.151690262929788933e-01 6.157180005778677412e-01
5.065010112684195098e-01 6.365212366368102614e-01
5.550418954059520571e-01 6.021381103727246886e-01
5.270153134932100691e-01 7.503611672926899789e-01
5.096792834440913023e-01 7.529615718000578495e-01
5.561976307425600119e-01 7.061542906674371789e-01
5.871135509968217203e-01 6.885293267841664511e-01
9.060965039006068089e-01 6.142733314071078254e-01
5.481074833863045503e-01 7.324472695752672902e-01
5.894250216700376299e-01 6.743715689107194766e-01
5.665992487720312720e-01 5.775787344698064540e-01
5.183472984686506857e-01 6.553019358566888330e-01
5.209477029760185562e-01 6.394105749783299819e-01
5.073678127708755037e-01 6.084946547240682735e-01
9.352788211499567517e-01 7.399595492632187188e-01
9.459693730135799727e-01 5.876914186651257532e-01
5.148800924588269323e-01 5.793123374747183307e-01
5.192140999711066796e-01 6.053163825483964811e-01
5.845131464894539608e-01 7.232013868824039848e-01
9.248772031204854915e-01 6.226524125975152479e-01
5.983819705287489743e-01 7.044206876625253022e-01
9.303669459693730825e-01 6.261196186073390013e-01
9.309448136376770044e-01 7.919676394105750195e-01
5.099682172782432632e-01 6.090725223923721954e-01
8.893383415197919639e-01 7.312915342386593354e-01
9.370124241548686284e-01 7.486275642877781022e-01
6.096503900606761173e-01 7.281132620629876540e-01
5.931811615140133442e-01 6.529904651834730345e-01
9.138977174227101985e-01 7.726090725223924149e-01
5.330829240104016931e-01 7.691418665125686616e-01
