1.730000000000000000e+03 1.580000000000000000e+03
1.409000000000000000e+03 1.660000000000000000e+03
2.341000000000000000e+03 2.068000000000000000e+03
1.775000000000000000e+03 1.332000000000000000e+03
2.147000000000000000e+03 1.936000000000000000e+03
1.610000000000000000e+03 1.455000000000000000e+03
1.775000000000000000e+03 1.312000000000000000e+03
1.401000000000000000e+03 1.303000000000000000e+03
1.523000000000000000e+03 1.149000000000000000e+03
2.209000000000000000e+03 1.940000000000000000e+03
2.284000000000000000e+03 2.029000000000000000e+03
2.110000000000000000e+03 1.880000000000000000e+03
1.488000000000000000e+03 1.240000000000000000e+03
1.321000000000000000e+03 1.619000000000000000e+03
2.249000000000000000e+03 1.992000000000000000e+03
1.586000000000000000e+03 1.155000000000000000e+03
1.701000000000000000e+03 1.279000000000000000e+03
1.877000000000000000e+03 1.837000000000000000e+03
2.206000000000000000e+03 1.533000000000000000e+03
1.605000000000000000e+03 1.224000000000000000e+03
1.231000000000000000e+03 1.483000000000000000e+03
2.214000000000000000e+03 1.963000000000000000e+03
2.228000000000000000e+03 1.734000000000000000e+03
1.365000000000000000e+03 1.305000000000000000e+03
2.250000000000000000e+03 1.706000000000000000e+03
2.376000000000000000e+03 2.087000000000000000e+03
1.734000000000000000e+03 1.316000000000000000e+03
1.541000000000000000e+03 1.759000000000000000e+03
2.290000000000000000e+03 2.025000000000000000e+03
2.289000000000000000e+03 2.034000000000000000e+03
2.095000000000000000e+03 1.897000000000000000e+03
1.557000000000000000e+03 1.346000000000000000e+03
1.455000000000000000e+03 1.683000000000000000e+03
2.253000000000000000e+03 1.988000000000000000e+03
1.416000000000000000e+03 1.681000000000000000e+03
1.644000000000000000e+03 1.225000000000000000e+03
1.625000000000000000e+03 1.877000000000000000e+03
1.431000000000000000e+03 1.682000000000000000e+03
2.122000000000000000e+03 1.493000000000000000e+03
1.512000000000000000e+03 1.755000000000000000e+03
2.315000000000000000e+03 1.650000000000000000e+03
1.280000000000000000e+03 1.504000000000000000e+03
1.731000000000000000e+03 1.530000000000000000e+03
2.372000000000000000e+03 1.789000000000000000e+03
2.291000000000000000e+03 1.702000000000000000e+03
2.107000000000000000e+03 1.546000000000000000e+03
2.498000000000000000e+03 1.906000000000000000e+03
2.222000000000000000e+03 1.962000000000000000e+03
2.242000000000000000e+03 1.630000000000000000e+03
2.161000000000000000e+03 1.921000000000000000e+03
2.416000000000000000e+03 1.763000000000000000e+03
1.678000000000000000e+03 1.654000000000000000e+03
1.655000000000000000e+03 1.465000000000000000e+03
1.454000000000000000e+03 1.298000000000000000e+03
2.421000000000000000e+03 1.715000000000000000e+03
1.863000000000000000e+03 1.602000000000000000e+03
2.451000000000000000e+03 1.839000000000000000e+03
2.298000000000000000e+03 1.808000000000000000e+03
2.145000000000000000e+03 1.584000000000000000e+03
1.626000000000000000e+03 1.435000000000000000e+03
2.256000000000000000e+03 2.008000000000000000e+03
2.175000000000000000e+03 1.563000000000000000e+03
2.220000000000000000e+03 1.969000000000000000e+03
1.482000000000000000e+03 1.738000000000000000e+03
2.450000000000000000e+03 1.802000000000000000e+03
2.111000000000000000e+03 1.905000000000000000e+03
2.421000000000000000e+03 1.807000000000000000e+03
1.738000000000000000e+03 1.717000000000000000e+03
1.821000000000000000e+03 1.779000000000000000e+03
1.615000000000000000e+03 1.202000000000000000e+03
2.567000000000000000e+03 2.066000000000000000e+03
1.577000000000000000e+03 1.386000000000000000e+03
2.306000000000000000e+03 1.763000000000000000e+03
1.493000000000000000e+03 1.133000000000000000e+03
2.043000000000000000e+03 1.821000000000000000e+03
1.646000000000000000e+03 1.617000000000000000e+03
1.606000000000000000e+03 1.434000000000000000e+03
2.170000000000000000e+03 1.973000000000000000e+03
1.701000000000000000e+03 1.496000000000000000e+03
1.728000000000000000e+03 1.674000000000000000e+03
1.543000000000000000e+03 1.783000000000000000e+03
1.548000000000000000e+03 1.364000000000000000e+03
2.214000000000000000e+03 1.973000000000000000e+03
2.377000000000000000e+03 1.786000000000000000e+03
1.657000000000000000e+03 1.464000000000000000e+03
1.518000000000000000e+03 1.351000000000000000e+03
2.324000000000000000e+03 2.017000000000000000e+03
1.724000000000000000e+03 1.307000000000000000e+03
1.515000000000000000e+03 1.140000000000000000e+03
1.818000000000000000e+03 1.783000000000000000e+03
1.695000000000000000e+03 1.442000000000000000e+03
1.621000000000000000e+03 1.579000000000000000e+03
2.132000000000000000e+03 1.919000000000000000e+03
1.314000000000000000e+03 1.127000000000000000e+03
1.617000000000000000e+03 1.572000000000000000e+03
2.450000000000000000e+03 1.783000000000000000e+03
2.181000000000000000e+03 1.914000000000000000e+03
2.104000000000000000e+03 1.863000000000000000e+03
1.799000000000000000e+03 1.351000000000000000e+03
1.726000000000000000e+03 1.692000000000000000e+03
1.188000000000000000e+03 1.420000000000000000e+03
1.612000000000000000e+03 1.592000000000000000e+03
2.274000000000000000e+03 1.673000000000000000e+03
1.472000000000000000e+03 1.282000000000000000e+03
1.214000000000000000e+03 1.439000000000000000e+03
2.384000000000000000e+03 2.096000000000000000e+03
1.763000000000000000e+03 1.729000000000000000e+03
1.660000000000000000e+03 1.395000000000000000e+03
2.070000000000000000e+03 1.858000000000000000e+03
1.341000000000000000e+03 1.551000000000000000e+03
1.529000000000000000e+03 1.372000000000000000e+03
2.193000000000000000e+03 1.943000000000000000e+03
2.115000000000000000e+03 1.876000000000000000e+03
1.337000000000000000e+03 1.587000000000000000e+03
2.074000000000000000e+03 1.884000000000000000e+03
1.497000000000000000e+03 1.254000000000000000e+03
1.693000000000000000e+03 1.246000000000000000e+03
2.291000000000000000e+03 1.675000000000000000e+03
1.874000000000000000e+03 1.623000000000000000e+03
1.712000000000000000e+03 1.287000000000000000e+03
2.159000000000000000e+03 1.908000000000000000e+03
1.705000000000000000e+03 1.662000000000000000e+03
1.672000000000000000e+03 1.267000000000000000e+03
1.438000000000000000e+03 1.671000000000000000e+03
1.789000000000000000e+03 1.334000000000000000e+03
1.893000000000000000e+03 1.856000000000000000e+03
1.816000000000000000e+03 1.793000000000000000e+03
1.777000000000000000e+03 1.751000000000000000e+03
1.502000000000000000e+03 1.393000000000000000e+03
2.171000000000000000e+03 1.542000000000000000e+03
1.291000000000000000e+03 1.572000000000000000e+03
2.277000000000000000e+03 2.014000000000000000e+03
1.533000000000000000e+03 1.303000000000000000e+03
1.413000000000000000e+03 1.296000000000000000e+03
1.748000000000000000e+03 1.716000000000000000e+03
1.393000000000000000e+03 1.647000000000000000e+03
1.667000000000000000e+03 1.940000000000000000e+03
2.369000000000000000e+03 2.092000000000000000e+03
1.494000000000000000e+03 1.084000000000000000e+03
2.259000000000000000e+03 1.971000000000000000e+03
1.893000000000000000e+03 1.835000000000000000e+03
2.328000000000000000e+03 1.655000000000000000e+03
1.726000000000000000e+03 1.689000000000000000e+03
1.660000000000000000e+03 1.462000000000000000e+03
2.199000000000000000e+03 1.624000000000000000e+03
1.356000000000000000e+03 1.612000000000000000e+03
1.144000000000000000e+03 1.391000000000000000e+03
1.464000000000000000e+03 1.712000000000000000e+03
2.126000000000000000e+03 1.869000000000000000e+03
1.697000000000000000e+03 1.663000000000000000e+03
1.538000000000000000e+03 1.335000000000000000e+03
1.577000000000000000e+03 1.396000000000000000e+03
2.239000000000000000e+03 1.618000000000000000e+03
2.150000000000000000e+03 1.917000000000000000e+03
1.570000000000000000e+03 1.374000000000000000e+03
1.587000000000000000e+03 1.865000000000000000e+03
1.454000000000000000e+03 1.696000000000000000e+03
1.448000000000000000e+03 1.719000000000000000e+03
1.700000000000000000e+03 1.673000000000000000e+03
1.509000000000000000e+03 1.756000000000000000e+03
2.318000000000000000e+03 2.037000000000000000e+03
2.175000000000000000e+03 1.934000000000000000e+03
1.603000000000000000e+03 1.568000000000000000e+03
2.240000000000000000e+03 1.675000000000000000e+03
2.034000000000000000e+03 1.843000000000000000e+03
1.669000000000000000e+03 1.518000000000000000e+03
1.382000000000000000e+03 1.629000000000000000e+03
2.012000000000000000e+03 1.422000000000000000e+03
1.706000000000000000e+03 1.650000000000000000e+03
1.945000000000000000e+03 1.888000000000000000e+03
2.147000000000000000e+03 1.944000000000000000e+03
1.850000000000000000e+03 1.792000000000000000e+03
1.674000000000000000e+03 1.297000000000000000e+03
1.632000000000000000e+03 1.264000000000000000e+03
2.107000000000000000e+03 1.876000000000000000e+03
1.452000000000000000e+03 1.121000000000000000e+03
1.757000000000000000e+03 1.317000000000000000e+03
1.430000000000000000e+03 1.664000000000000000e+03
1.596000000000000000e+03 1.216000000000000000e+03
2.347000000000000000e+03 2.089000000000000000e+03
1.685000000000000000e+03 1.526000000000000000e+03
2.067000000000000000e+03 1.814000000000000000e+03
2.383000000000000000e+03 1.682000000000000000e+03
1.146000000000000000e+03 1.422000000000000000e+03
2.185000000000000000e+03 1.951000000000000000e+03
2.239000000000000000e+03 1.977000000000000000e+03
1.880000000000000000e+03 1.375000000000000000e+03
1.683000000000000000e+03 1.417000000000000000e+03
1.904000000000000000e+03 1.866000000000000000e+03
1.568000000000000000e+03 1.544000000000000000e+03
1.555000000000000000e+03 1.806000000000000000e+03
1.304000000000000000e+03 1.571000000000000000e+03
1.554000000000000000e+03 1.836000000000000000e+03
1.335000000000000000e+03 1.586000000000000000e+03
2.213000000000000000e+03 1.988000000000000000e+03
1.889000000000000000e+03 1.853000000000000000e+03
1.593000000000000000e+03 1.395000000000000000e+03
2.247000000000000000e+03 1.682000000000000000e+03
1.804000000000000000e+03 1.322000000000000000e+03
1.517000000000000000e+03 1.356000000000000000e+03
2.317000000000000000e+03 2.033000000000000000e+03
1.306000000000000000e+03 1.579000000000000000e+03
1.721000000000000000e+03 1.681000000000000000e+03
1.856000000000000000e+03 1.838000000000000000e+03
2.181000000000000000e+03 1.935000000000000000e+03
1.610000000000000000e+03 1.427000000000000000e+03
1.602000000000000000e+03 1.199000000000000000e+03
2.472000000000000000e+03 1.894000000000000000e+03
1.761000000000000000e+03 1.316000000000000000e+03
2.165000000000000000e+03 1.893000000000000000e+03
1.761000000000000000e+03 1.727000000000000000e+03
1.977000000000000000e+03 1.923000000000000000e+03
2.319000000000000000e+03 2.041000000000000000e+03
2.175000000000000000e+03 1.924000000000000000e+03
1.723000000000000000e+03 1.672000000000000000e+03
1.451000000000000000e+03 1.273000000000000000e+03
2.107000000000000000e+03 1.871000000000000000e+03
1.570000000000000000e+03 1.532000000000000000e+03
1.552000000000000000e+03 1.788000000000000000e+03
1.391000000000000000e+03 1.661000000000000000e+03
1.635000000000000000e+03 1.427000000000000000e+03
1.732000000000000000e+03 1.276000000000000000e+03
1.338000000000000000e+03 1.582000000000000000e+03
1.676000000000000000e+03 1.296000000000000000e+03
1.489000000000000000e+03 1.339000000000000000e+03
1.488000000000000000e+03 1.713000000000000000e+03
2.413000000000000000e+03 1.775000000000000000e+03
1.683000000000000000e+03 1.646000000000000000e+03
2.424000000000000000e+03 1.819000000000000000e+03
1.599000000000000000e+03 1.383000000000000000e+03
2.299000000000000000e+03 2.053000000000000000e+03
2.414000000000000000e+03 1.728000000000000000e+03
1.405000000000000000e+03 1.702000000000000000e+03
1.597000000000000000e+03 1.437000000000000000e+03
1.460000000000000000e+03 1.705000000000000000e+03
1.582000000000000000e+03 1.558000000000000000e+03
1.711000000000000000e+03 1.688000000000000000e+03
2.219000000000000000e+03 1.701000000000000000e+03
1.665000000000000000e+03 1.639000000000000000e+03
1.717000000000000000e+03 1.675000000000000000e+03
1.548000000000000000e+03 1.292000000000000000e+03
2.245000000000000000e+03 1.994000000000000000e+03
1.533000000000000000e+03 1.496000000000000000e+03
1.815000000000000000e+03 1.330000000000000000e+03
1.809000000000000000e+03 1.530000000000000000e+03
2.395000000000000000e+03 1.793000000000000000e+03
2.353000000000000000e+03 1.782000000000000000e+03
2.268000000000000000e+03 1.703000000000000000e+03
1.283000000000000000e+03 1.524000000000000000e+03
1.719000000000000000e+03 1.277000000000000000e+03
1.698000000000000000e+03 1.680000000000000000e+03
1.447000000000000000e+03 1.722000000000000000e+03
1.572000000000000000e+03 1.195000000000000000e+03
2.477000000000000000e+03 2.006000000000000000e+03
2.233000000000000000e+03 1.609000000000000000e+03
1.640000000000000000e+03 1.238000000000000000e+03
1.824000000000000000e+03 1.356000000000000000e+03
2.237000000000000000e+03 1.727000000000000000e+03
1.719000000000000000e+03 1.254000000000000000e+03
2.480000000000000000e+03 1.872000000000000000e+03
2.153000000000000000e+03 1.455000000000000000e+03
2.293000000000000000e+03 2.009000000000000000e+03
1.661000000000000000e+03 1.267000000000000000e+03
1.506000000000000000e+03 1.339000000000000000e+03
2.163000000000000000e+03 1.668000000000000000e+03
1.437000000000000000e+03 1.682000000000000000e+03
2.451000000000000000e+03 1.839000000000000000e+03
1.789000000000000000e+03 1.760000000000000000e+03
2.166000000000000000e+03 1.959000000000000000e+03
2.140000000000000000e+03 1.654000000000000000e+03
1.449000000000000000e+03 1.712000000000000000e+03
1.477000000000000000e+03 1.120000000000000000e+03
1.507000000000000000e+03 1.775000000000000000e+03
1.605000000000000000e+03 1.407000000000000000e+03
1.616000000000000000e+03 1.394000000000000000e+03
1.684000000000000000e+03 1.271000000000000000e+03
2.140000000000000000e+03 1.903000000000000000e+03
1.751000000000000000e+03 1.296000000000000000e+03
1.506000000000000000e+03 1.133000000000000000e+03
2.232000000000000000e+03 1.972000000000000000e+03
1.692000000000000000e+03 1.276000000000000000e+03
2.234000000000000000e+03 1.596000000000000000e+03
1.662000000000000000e+03 1.256000000000000000e+03
1.622000000000000000e+03 1.432000000000000000e+03
1.369000000000000000e+03 1.605000000000000000e+03
1.632000000000000000e+03 1.601000000000000000e+03
1.356000000000000000e+03 1.249000000000000000e+03
1.704000000000000000e+03 1.671000000000000000e+03
1.706000000000000000e+03 1.261000000000000000e+03
1.605000000000000000e+03 1.379000000000000000e+03
1.683000000000000000e+03 1.237000000000000000e+03
1.699000000000000000e+03 1.478000000000000000e+03
1.391000000000000000e+03 1.215000000000000000e+03
1.636000000000000000e+03 1.596000000000000000e+03
1.730000000000000000e+03 1.698000000000000000e+03
2.286000000000000000e+03 1.625000000000000000e+03
1.709000000000000000e+03 1.659000000000000000e+03
2.231000000000000000e+03 1.965000000000000000e+03
1.826000000000000000e+03 1.551000000000000000e+03
2.445000000000000000e+03 1.854000000000000000e+03
