3.673000000000000000e+04 4.205200000000000000e+04
3.374700000000000000e+04 4.739900000000000000e+04
5.849000000000000000e+03 4.377300000000000000e+04
5.939100000000000000e+04 2.751600000000000000e+04
1.022400000000000000e+04 3.445900000000000000e+04
3.173700000000000000e+04 4.322900000000000000e+04
4.217500000000000000e+04 3.221700000000000000e+04
5.871100000000000000e+04 5.950600000000000000e+04
1.812800000000000000e+04 4.044300000000000000e+04
2.534900000000000000e+04 2.487300000000000000e+04
4.517100000000000000e+04 4.543600000000000000e+04
5.478100000000000000e+04 3.459100000000000000e+04
9.882000000000000000e+03 6.056600000000000000e+04
1.787700000000000000e+04 3.573900000000000000e+04
1.561200000000000000e+04 4.524700000000000000e+04
1.281200000000000000e+04 6.117500000000000000e+04
4.365700000000000000e+04 2.746500000000000000e+04
1.748900000000000000e+04 2.412400000000000000e+04
4.219600000000000000e+04 5.253200000000000000e+04
1.481600000000000000e+04 5.517200000000000000e+04
4.036900000000000000e+04 5.551400000000000000e+04
2.500100000000000000e+04 4.562700000000000000e+04
3.563800000000000000e+04 3.284800000000000000e+04
1.686800000000000000e+04 2.482800000000000000e+04
2.559600000000000000e+04 5.856700000000000000e+04
2.645600000000000000e+04 2.766200000000000000e+04
1.435000000000000000e+04 4.217500000000000000e+04
5.607500000000000000e+04 4.307100000000000000e+04
5.556000000000000000e+03 4.264500000000000000e+04
5.732400000000000000e+04 3.473400000000000000e+04
1.008000000000000000e+03 2.211700000000000000e+04
3.887900000000000000e+04 4.360100000000000000e+04
1.732900000000000000e+04 2.447300000000000000e+04
4.229800000000000000e+04 5.468700000000000000e+04
5.018400000000000000e+04 4.945800000000000000e+04
2.435800000000000000e+04 2.763300000000000000e+04
4.592600000000000000e+04 2.565600000000000000e+04
1.356200000000000000e+04 4.169000000000000000e+04
9.807000000000000000e+03 3.051500000000000000e+04
2.414200000000000000e+04 5.552300000000000000e+04
1.077900000000000000e+04 5.068500000000000000e+04
3.976900000000000000e+04 4.424000000000000000e+04
7.915000000000000000e+03 5.983000000000000000e+04
4.142300000000000000e+04 3.224300000000000000e+04
4.655900000000000000e+04 4.646700000000000000e+04
3.525900000000000000e+04 5.718200000000000000e+04
2.366100000000000000e+04 4.390100000000000000e+04
5.899400000000000000e+04 2.522200000000000000e+04
1.605600000000000000e+04 3.783400000000000000e+04
8.125000000000000000e+03 3.072800000000000000e+04
5.255900000000000000e+04 5.273500000000000000e+04
2.045900000000000000e+04 4.522100000000000000e+04
1.619600000000000000e+04 5.685000000000000000e+04
3.150300000000000000e+04 4.622200000000000000e+04
4.646500000000000000e+04 2.565000000000000000e+04
6.270100000000000000e+04 4.478800000000000000e+04
3.614400000000000000e+04 2.807600000000000000e+04
3.760600000000000000e+04 5.566600000000000000e+04
4.668100000000000000e+04 5.937300000000000000e+04
3.695800000000000000e+04 3.878200000000000000e+04
8.149000000000000000e+03 6.004900000000000000e+04
4.089200000000000000e+04 2.703700000000000000e+04
2.061200000000000000e+04 5.872400000000000000e+04
1.905000000000000000e+04 6.002000000000000000e+04
4.170000000000000000e+03 5.269200000000000000e+04
1.529100000000000000e+04 5.433400000000000000e+04
2.083600000000000000e+04 5.904600000000000000e+04
1.328300000000000000e+04 4.373500000000000000e+04
2.200900000000000000e+04 4.504700000000000000e+04
3.508400000000000000e+04 5.944000000000000000e+04
3.435500000000000000e+04 4.958400000000000000e+04
2.517700000000000000e+04 5.524200000000000000e+04
2.767000000000000000e+04 5.608600000000000000e+04
1.684400000000000000e+04 5.482100000000000000e+04
2.736100000000000000e+04 5.624000000000000000e+04
6.754000000000000000e+03 4.215700000000000000e+04
1.806900000000000000e+04 2.165200000000000000e+04
6.121300000000000000e+04 4.824500000000000000e+04
4.985200000000000000e+04 5.034000000000000000e+04
2.226700000000000000e+04 4.279900000000000000e+04
2.360900000000000000e+04 4.489500000000000000e+04
6.230700000000000000e+04 4.510500000000000000e+04
4.020300000000000000e+04 2.956300000000000000e+04
4.890400000000000000e+04 5.096400000000000000e+04
5.035800000000000000e+04 4.795900000000000000e+04
3.997500000000000000e+04 5.609700000000000000e+04
5.747400000000000000e+04 6.159200000000000000e+04
8.975000000000000000e+03 2.688600000000000000e+04
1.565600000000000000e+04 5.528100000000000000e+04
3.586200000000000000e+04 3.799400000000000000e+04
4.534500000000000000e+04 5.999700000000000000e+04
3.679100000000000000e+04 5.639600000000000000e+04
8.948000000000000000e+03 5.860800000000000000e+04
4.252600000000000000e+04 2.802400000000000000e+04
1.721200000000000000e+04 5.474800000000000000e+04
3.708000000000000000e+04 4.444000000000000000e+04
5.634900000000000000e+04 5.787600000000000000e+04
9.841000000000000000e+03 5.992500000000000000e+04
3.292700000000000000e+04 4.925400000000000000e+04
1.760100000000000000e+04 6.168000000000000000e+04
5.185300000000000000e+04 4.272400000000000000e+04
1.522300000000000000e+04 3.741800000000000000e+04
1.955500000000000000e+04 6.057000000000000000e+04
9.696000000000000000e+03 3.234600000000000000e+04
8.230000000000000000e+03 2.874600000000000000e+04
4.387800000000000000e+04 3.147400000000000000e+04
3.673000000000000000e+04 4.638000000000000000e+04
5.932500000000000000e+04 2.735100000000000000e+04
6.450000000000000000e+03 4.277400000000000000e+04
3.969400000000000000e+04 2.796200000000000000e+04
1.620000000000000000e+04 3.757700000000000000e+04
4.897800000000000000e+04 2.466400000000000000e+04
5.021100000000000000e+04 4.766000000000000000e+04
3.341900000000000000e+04 3.287700000000000000e+04
2.684600000000000000e+04 2.861200000000000000e+04
2.129000000000000000e+04 2.563600000000000000e+04
5.242500000000000000e+04 4.179700000000000000e+04
5.217000000000000000e+03 4.180500000000000000e+04
6.509000000000000000e+03 5.296900000000000000e+04
2.904900000000000000e+04 2.811400000000000000e+04
1.067000000000000000e+04 4.947300000000000000e+04
5.918200000000000000e+04 5.028500000000000000e+04
3.496400000000000000e+04 3.601100000000000000e+04
3.951900000000000000e+04 4.435700000000000000e+04
4.272300000000000000e+04 2.488400000000000000e+04
3.477100000000000000e+04 5.910500000000000000e+04
1.825500000000000000e+04 5.344300000000000000e+04
1.048800000000000000e+04 2.809600000000000000e+04
5.242500000000000000e+04 4.222600000000000000e+04
2.496700000000000000e+04 2.844700000000000000e+04
1.990400000000000000e+04 6.145100000000000000e+04
6.681000000000000000e+03 5.419900000000000000e+04
4.864300000000000000e+04 2.396500000000000000e+04
4.047500000000000000e+04 2.955600000000000000e+04
2.026300000000000000e+04 6.062000000000000000e+04
1.696200000000000000e+04 3.853500000000000000e+04
1.611500000000000000e+04 3.810200000000000000e+04
1.377800000000000000e+04 4.305500000000000000e+04
2.479100000000000000e+04 2.760000000000000000e+04
1.864900000000000000e+04 2.504300000000000000e+04
1.177000000000000000e+04 3.065300000000000000e+04
4.545900000000000000e+04 2.843400000000000000e+04
1.021800000000000000e+04 6.013300000000000000e+04
4.622400000000000000e+04 5.826800000000000000e+04
3.642700000000000000e+04 4.727900000000000000e+04
9.916000000000000000e+03 6.024000000000000000e+04
1.005500000000000000e+04 4.823500000000000000e+04
5.556200000000000000e+04 4.069700000000000000e+04
5.481000000000000000e+03 5.373000000000000000e+04
1.219100000000000000e+04 5.736800000000000000e+04
3.599300000000000000e+04 5.866100000000000000e+04
5.181900000000000000e+04 3.495200000000000000e+04
9.631000000000000000e+03 4.944900000000000000e+04
5.740700000000000000e+04 5.950800000000000000e+04
2.816900000000000000e+04 5.790600000000000000e+04
5.819000000000000000e+04 2.624200000000000000e+04
5.051900000000000000e+04 2.263100000000000000e+04
4.631600000000000000e+04 5.651500000000000000e+04
2.967300000000000000e+04 5.944400000000000000e+04
3.172100000000000000e+04 5.936200000000000000e+04
4.629800000000000000e+04 2.393600000000000000e+04
1.561700000000000000e+04 4.493200000000000000e+04
4.686100000000000000e+04 6.313700000000000000e+04
7.403000000000000000e+03 5.144600000000000000e+04
4.377200000000000000e+04 5.493500000000000000e+04
1.413300000000000000e+04 4.019300000000000000e+04
6.023100000000000000e+04 4.718300000000000000e+04
4.207300000000000000e+04 4.780400000000000000e+04
5.082600000000000000e+04 4.812700000000000000e+04
5.467000000000000000e+03 5.344900000000000000e+04
8.960000000000000000e+03 2.934900000000000000e+04
2.963900000000000000e+04 4.392000000000000000e+04
3.071800000000000000e+04 4.432000000000000000e+04
4.610400000000000000e+04 3.304500000000000000e+04
3.816700000000000000e+04 4.495500000000000000e+04
3.644000000000000000e+03 2.451900000000000000e+04
2.787100000000000000e+04 2.773700000000000000e+04
1.069200000000000000e+04 3.907800000000000000e+04
5.646500000000000000e+04 3.582300000000000000e+04
2.580000000000000000e+03 5.566300000000000000e+04
1.103600000000000000e+04 5.905300000000000000e+04
1.267500000000000000e+04 4.209500000000000000e+04
3.682100000000000000e+04 5.011900000000000000e+04
5.779100000000000000e+04 5.293700000000000000e+04
3.132000000000000000e+04 6.058900000000000000e+04
1.569300000000000000e+04 3.919800000000000000e+04
6.121300000000000000e+04 4.991600000000000000e+04
1.031500000000000000e+04 6.030100000000000000e+04
4.525000000000000000e+03 5.473900000000000000e+04
4.827800000000000000e+04 5.976400000000000000e+04
1.604800000000000000e+04 3.914100000000000000e+04
5.601700000000000000e+04 5.886600000000000000e+04
5.251000000000000000e+04 2.039000000000000000e+04
3.732100000000000000e+04 3.646100000000000000e+04
4.671000000000000000e+03 5.380700000000000000e+04
3.067500000000000000e+04 4.587500000000000000e+04
4.941900000000000000e+04 4.514700000000000000e+04
5.686100000000000000e+04 3.840500000000000000e+04
4.483400000000000000e+04 5.621000000000000000e+04
3.919800000000000000e+04 4.487600000000000000e+04
3.360000000000000000e+03 2.306000000000000000e+04
4.140600000000000000e+04 2.690400000000000000e+04
4.288700000000000000e+04 3.569300000000000000e+04
3.376000000000000000e+03 4.277900000000000000e+04
5.691900000000000000e+04 6.170400000000000000e+04
1.597900000000000000e+04 2.627400000000000000e+04
3.013800000000000000e+04 4.597200000000000000e+04
4.577900000000000000e+04 4.729700000000000000e+04
2.587800000000000000e+04 5.264200000000000000e+04
1.100100000000000000e+04 4.873800000000000000e+04
3.641100000000000000e+04 6.022200000000000000e+04
5.871400000000000000e+04 3.366500000000000000e+04
5.862200000000000000e+04 5.040100000000000000e+04
2.429000000000000000e+03 2.228800000000000000e+04
3.429700000000000000e+04 4.756600000000000000e+04
3.784300000000000000e+04 4.725100000000000000e+04
1.632800000000000000e+04 5.263900000000000000e+04
3.198200000000000000e+04 5.768100000000000000e+04
1.606600000000000000e+04 2.686100000000000000e+04
6.071000000000000000e+04 4.508700000000000000e+04
9.899000000000000000e+03 4.982500000000000000e+04
5.279000000000000000e+04 4.082900000000000000e+04
3.447300000000000000e+04 5.765400000000000000e+04
4.122000000000000000e+03 5.334200000000000000e+04
9.219000000000000000e+03 4.907800000000000000e+04
6.086100000000000000e+04 6.066000000000000000e+04
4.112100000000000000e+04 2.714100000000000000e+04
2.855000000000000000e+03 5.446900000000000000e+04
6.197100000000000000e+04 4.644000000000000000e+04
4.595200000000000000e+04 5.926800000000000000e+04
2.315000000000000000e+04 4.530000000000000000e+04
3.911800000000000000e+04 4.330000000000000000e+04
3.082100000000000000e+04 4.297300000000000000e+04
5.896000000000000000e+03 4.109300000000000000e+04
2.588800000000000000e+04 5.449100000000000000e+04
1.826600000000000000e+04 5.689800000000000000e+04
1.089300000000000000e+04 4.908900000000000000e+04
4.845400000000000000e+04 5.818900000000000000e+04
3.180300000000000000e+04 4.656400000000000000e+04
4.818400000000000000e+04 5.975300000000000000e+04
5.616700000000000000e+04 5.861400000000000000e+04
1.951000000000000000e+04 5.426600000000000000e+04
3.755300000000000000e+04 5.811600000000000000e+04
1.408500000000000000e+04 2.816600000000000000e+04
2.517200000000000000e+04 2.794500000000000000e+04
3.726600000000000000e+04 5.688200000000000000e+04
1.720100000000000000e+04 3.907400000000000000e+04
2.936200000000000000e+04 4.744100000000000000e+04
3.550000000000000000e+04 3.736700000000000000e+04
3.368800000000000000e+04 5.139600000000000000e+04
3.328900000000000000e+04 3.762800000000000000e+04
5.885400000000000000e+04 5.291900000000000000e+04
4.266900000000000000e+04 5.442400000000000000e+04
4.651800000000000000e+04 5.940400000000000000e+04
1.084400000000000000e+04 2.971100000000000000e+04
2.789600000000000000e+04 5.946100000000000000e+04
5.623700000000000000e+04 3.571200000000000000e+04
3.399700000000000000e+04 3.539900000000000000e+04
1.345500000000000000e+04 3.928400000000000000e+04
6.209700000000000000e+04 4.462100000000000000e+04
2.579400000000000000e+04 5.608800000000000000e+04
4.938900000000000000e+04 2.484200000000000000e+04
1.633300000000000000e+04 3.772100000000000000e+04
4.748000000000000000e+04 2.637200000000000000e+04
1.309500000000000000e+04 6.122300000000000000e+04
5.050600000000000000e+04 2.382000000000000000e+04
1.089600000000000000e+04 4.916500000000000000e+04
4.883700000000000000e+04 4.857500000000000000e+04
1.669400000000000000e+04 5.412400000000000000e+04
5.358900000000000000e+04 3.438700000000000000e+04
5.835300000000000000e+04 6.237400000000000000e+04
3.649400000000000000e+04 4.477500000000000000e+04
2.534000000000000000e+04 5.368900000000000000e+04
2.616000000000000000e+04 5.732800000000000000e+04
4.981400000000000000e+04 2.276300000000000000e+04
4.760200000000000000e+04 5.875100000000000000e+04
1.159100000000000000e+04 3.692500000000000000e+04
5.316400000000000000e+04 4.236500000000000000e+04
2.747300000000000000e+04 5.594400000000000000e+04
4.499400000000000000e+04 2.624800000000000000e+04
3.446500000000000000e+04 4.566000000000000000e+04
3.607700000000000000e+04 5.133000000000000000e+04
4.732400000000000000e+04 5.806300000000000000e+04
4.021900000000000000e+04 2.587900000000000000e+04
1.651500000000000000e+04 3.508300000000000000e+04
2.553500000000000000e+04 2.783000000000000000e+04
4.546200000000000000e+04 4.601500000000000000e+04
6.148400000000000000e+04 2.694600000000000000e+04
4.799000000000000000e+03 4.163200000000000000e+04
7.365000000000000000e+03 5.011900000000000000e+04
6.022100000000000000e+04 2.725300000000000000e+04
1.109900000000000000e+04 2.776700000000000000e+04
6.054000000000000000e+04 3.410300000000000000e+04
5.875900000000000000e+04 4.610500000000000000e+04
4.370000000000000000e+03 5.340500000000000000e+04
3.879100000000000000e+04 2.841700000000000000e+04
4.501000000000000000e+04 3.350100000000000000e+04
3.606600000000000000e+04 5.726400000000000000e+04
5.936200000000000000e+04 4.599700000000000000e+04
3.558100000000000000e+04 5.657500000000000000e+04
2.518900000000000000e+04 5.756800000000000000e+04
4.557000000000000000e+03 2.461800000000000000e+04
4.616000000000000000e+04 2.478900000000000000e+04
3.476300000000000000e+04 4.718500000000000000e+04
1.173800000000000000e+04 4.938300000000000000e+04
1.743000000000000000e+04 2.498500000000000000e+04
5.040300000000000000e+04 2.207800000000000000e+04
2.323200000000000000e+04 4.599300000000000000e+04
1.298900000000000000e+04 4.896900000000000000e+04
3.318200000000000000e+04 5.851800000000000000e+04
4.487300000000000000e+04 2.743500000000000000e+04
5.596900000000000000e+04 3.636100000000000000e+04
4.476900000000000000e+04 3.453500000000000000e+04
9.063000000000000000e+03 3.941000000000000000e+04
1.181500000000000000e+04 5.824800000000000000e+04
1.205900000000000000e+04 4.147000000000000000e+04
2.079600000000000000e+04 4.525200000000000000e+04
3.022700000000000000e+04 6.075000000000000000e+04
1.449000000000000000e+04 5.270800000000000000e+04
4.527400000000000000e+04 2.782500000000000000e+04
5.933100000000000000e+04 4.299900000000000000e+04
5.868600000000000000e+04 5.812600000000000000e+04
3.092400000000000000e+04 5.750000000000000000e+04
1.438800000000000000e+04 5.364800000000000000e+04
1.465500000000000000e+04 4.361200000000000000e+04
4.734000000000000000e+03 5.560900000000000000e+04
3.506000000000000000e+03 3.977700000000000000e+04
4.260200000000000000e+04 3.567900000000000000e+04
2.781900000000000000e+04 2.505600000000000000e+04
4.326600000000000000e+04 2.945400000000000000e+04
5.143700000000000000e+04 4.862300000000000000e+04
6.984000000000000000e+03 4.391300000000000000e+04
1.651200000000000000e+04 5.523000000000000000e+04
5.468400000000000000e+04 4.147900000000000000e+04
1.044200000000000000e+04 2.767800000000000000e+04
3.735600000000000000e+04 4.322300000000000000e+04
1.386400000000000000e+04 4.115600000000000000e+04
6.023500000000000000e+04 5.087500000000000000e+04
9.101000000000000000e+03 2.865400000000000000e+04
1.012800000000000000e+04 2.948300000000000000e+04
9.538000000000000000e+03 5.911600000000000000e+04
1.955600000000000000e+04 5.216700000000000000e+04
3.650600000000000000e+04 3.779600000000000000e+04
2.091000000000000000e+04 4.630700000000000000e+04
4.512300000000000000e+04 3.306800000000000000e+04
1.756700000000000000e+04 5.075800000000000000e+04
1.895500000000000000e+04 2.606900000000000000e+04
2.798700000000000000e+04 5.814900000000000000e+04
1.241200000000000000e+04 5.905000000000000000e+04
5.880700000000000000e+04 5.859600000000000000e+04
1.703000000000000000e+04 2.630700000000000000e+04
3.545800000000000000e+04 4.918900000000000000e+04
1.841500000000000000e+04 5.770400000000000000e+04
3.539300000000000000e+04 5.962500000000000000e+04
4.606400000000000000e+04 2.656400000000000000e+04
5.791100000000000000e+04 5.916100000000000000e+04
1.913500000000000000e+04 3.771300000000000000e+04
5.718100000000000000e+04 6.079100000000000000e+04
1.095800000000000000e+04 3.710000000000000000e+04
4.444100000000000000e+04 4.552200000000000000e+04
8.857000000000000000e+03 6.040400000000000000e+04
4.189700000000000000e+04 3.133900000000000000e+04
4.479500000000000000e+04 4.576300000000000000e+04
8.479000000000000000e+03 2.922300000000000000e+04
1.591000000000000000e+04 5.583900000000000000e+04
5.426800000000000000e+04 4.342000000000000000e+04
5.535500000000000000e+04 3.513200000000000000e+04
6.055600000000000000e+04 2.686100000000000000e+04
1.949300000000000000e+04 2.488700000000000000e+04
5.916300000000000000e+04 5.543600000000000000e+04
4.048000000000000000e+03 5.414000000000000000e+04
3.889500000000000000e+04 4.695300000000000000e+04
1.036000000000000000e+04 5.111000000000000000e+04
2.819300000000000000e+04 2.935000000000000000e+04
3.107600000000000000e+04 5.848900000000000000e+04
3.445200000000000000e+04 4.937200000000000000e+04
6.531000000000000000e+03 4.308100000000000000e+04
3.626000000000000000e+04 3.524500000000000000e+04
4.420400000000000000e+04 2.406500000000000000e+04
4.548300000000000000e+04 3.651900000000000000e+04
4.282200000000000000e+04 3.625900000000000000e+04
1.751000000000000000e+03 5.380300000000000000e+04
4.429300000000000000e+04 2.784000000000000000e+04
9.579000000000000000e+03 3.904700000000000000e+04
1.027100000000000000e+04 6.051000000000000000e+04
1.107300000000000000e+04 4.357700000000000000e+04
1.379500000000000000e+04 4.280600000000000000e+04
1.093500000000000000e+04 4.942700000000000000e+04
4.307300000000000000e+04 5.486700000000000000e+04
5.921200000000000000e+04 5.888100000000000000e+04
1.532600000000000000e+04 2.457000000000000000e+04
4.509800000000000000e+04 5.805600000000000000e+04
4.373900000000000000e+04 5.478300000000000000e+04
3.319900000000000000e+04 5.755400000000000000e+04
3.631000000000000000e+03 2.351600000000000000e+04
5.512600000000000000e+04 3.567900000000000000e+04
9.096000000000000000e+03 3.785100000000000000e+04
4.757000000000000000e+04 5.732000000000000000e+04
1.311800000000000000e+04 4.426000000000000000e+04
1.440100000000000000e+04 4.484900000000000000e+04
3.605900000000000000e+04 4.952200000000000000e+04
4.594200000000000000e+04 2.459600000000000000e+04
3.889800000000000000e+04 5.741800000000000000e+04
4.929000000000000000e+03 5.104800000000000000e+04
6.467000000000000000e+03 4.242000000000000000e+04
1.818200000000000000e+04 5.736900000000000000e+04
5.723700000000000000e+04 4.174900000000000000e+04
1.608700000000000000e+04 3.927000000000000000e+04
3.023500000000000000e+04 5.973600000000000000e+04
1.734300000000000000e+04 2.703200000000000000e+04
1.123300000000000000e+04 5.032100000000000000e+04
1.086800000000000000e+04 2.993300000000000000e+04
4.365400000000000000e+04 2.341800000000000000e+04
3.075200000000000000e+04 4.284200000000000000e+04
1.255600000000000000e+04 4.385300000000000000e+04
5.943800000000000000e+04 5.613800000000000000e+04
1.993400000000000000e+04 6.005900000000000000e+04
6.082000000000000000e+04 2.777700000000000000e+04
6.045500000000000000e+04 2.633000000000000000e+04
5.517500000000000000e+04 3.638500000000000000e+04
4.298000000000000000e+03 3.871500000000000000e+04
5.723400000000000000e+04 5.229600000000000000e+04
1.117500000000000000e+04 5.926400000000000000e+04
1.082900000000000000e+04 3.513800000000000000e+04
4.309500000000000000e+04 5.599700000000000000e+04
3.716800000000000000e+04 4.290200000000000000e+04
8.378000000000000000e+03 6.094500000000000000e+04
3.853000000000000000e+04 3.783100000000000000e+04
5.237500000000000000e+04 4.177200000000000000e+04
1.689700000000000000e+04 3.865900000000000000e+04
2.153200000000000000e+04 4.732100000000000000e+04
3.017700000000000000e+04 4.567300000000000000e+04
1.605600000000000000e+04 2.438400000000000000e+04
4.378400000000000000e+04 5.281800000000000000e+04
2.952300000000000000e+04 4.516400000000000000e+04
4.382100000000000000e+04 5.411000000000000000e+04
2.907900000000000000e+04 6.155300000000000000e+04
2.486600000000000000e+04 2.659300000000000000e+04
2.581000000000000000e+04 2.592800000000000000e+04
1.685400000000000000e+04 3.838000000000000000e+04
1.673300000000000000e+04 5.480200000000000000e+04
6.146000000000000000e+03 5.387800000000000000e+04
5.963200000000000000e+04 5.903300000000000000e+04
4.278500000000000000e+04 3.322800000000000000e+04
5.765200000000000000e+04 5.171800000000000000e+04
4.566500000000000000e+04 5.364200000000000000e+04
9.441000000000000000e+03 5.034300000000000000e+04
2.631900000000000000e+04 2.553200000000000000e+04
4.826800000000000000e+04 5.878000000000000000e+04
3.689200000000000000e+04 5.229700000000000000e+04
3.489900000000000000e+04 5.823000000000000000e+04
6.313400000000000000e+04 4.714200000000000000e+04
4.738100000000000000e+04 2.397000000000000000e+04
1.871300000000000000e+04 3.735700000000000000e+04
4.517000000000000000e+04 4.621900000000000000e+04
6.017200000000000000e+04 5.715200000000000000e+04
8.024000000000000000e+03 3.614400000000000000e+04
1.100500000000000000e+04 5.984800000000000000e+04
2.911500000000000000e+04 6.280200000000000000e+04
5.198500000000000000e+04 3.433700000000000000e+04
5.844800000000000000e+04 2.872100000000000000e+04
2.610300000000000000e+04 2.529700000000000000e+04
5.269400000000000000e+04 2.329900000000000000e+04
2.822000000000000000e+04 6.236700000000000000e+04
3.633900000000000000e+04 5.117300000000000000e+04
1.149600000000000000e+04 5.894700000000000000e+04
5.530800000000000000e+04 3.483300000000000000e+04
1.887100000000000000e+04 5.156600000000000000e+04
2.428800000000000000e+04 5.768700000000000000e+04
3.619900000000000000e+04 3.694100000000000000e+04
4.835000000000000000e+04 4.710000000000000000e+04
6.022600000000000000e+04 2.520400000000000000e+04
4.721200000000000000e+04 6.115900000000000000e+04
5.010100000000000000e+04 2.502600000000000000e+04
1.631000000000000000e+04 4.283800000000000000e+04
3.889700000000000000e+04 2.715900000000000000e+04
1.150400000000000000e+04 4.950400000000000000e+04
6.154300000000000000e+04 4.649000000000000000e+04
3.147000000000000000e+04 5.992300000000000000e+04
5.451900000000000000e+04 4.364200000000000000e+04
4.460200000000000000e+04 5.881400000000000000e+04
5.069600000000000000e+04 4.625500000000000000e+04
1.824000000000000000e+04 2.686400000000000000e+04
2.070200000000000000e+04 6.105700000000000000e+04
3.322800000000000000e+04 3.702500000000000000e+04
4.432800000000000000e+04 4.384300000000000000e+04
1.564300000000000000e+04 3.707100000000000000e+04
5.004800000000000000e+04 4.694900000000000000e+04
5.465600000000000000e+04 3.519900000000000000e+04
5.711700000000000000e+04 3.594900000000000000e+04
3.433300000000000000e+04 3.708900000000000000e+04
4.453800000000000000e+04 5.431900000000000000e+04
5.691200000000000000e+04 3.511300000000000000e+04
3.596000000000000000e+04 5.719800000000000000e+04
5.022100000000000000e+04 2.371800000000000000e+04
5.986500000000000000e+04 5.100300000000000000e+04
6.565000000000000000e+03 5.724000000000000000e+04
3.427300000000000000e+04 5.712600000000000000e+04
4.246200000000000000e+04 3.029600000000000000e+04
6.060800000000000000e+04 2.784400000000000000e+04
6.046500000000000000e+04 4.801400000000000000e+04
4.664000000000000000e+03 2.389900000000000000e+04
4.495000000000000000e+03 4.409100000000000000e+04
4.485200000000000000e+04 5.322500000000000000e+04
4.207000000000000000e+03 2.259500000000000000e+04
1.053100000000000000e+04 5.039500000000000000e+04
5.545100000000000000e+04 3.418500000000000000e+04
1.482300000000000000e+04 3.750800000000000000e+04
3.516100000000000000e+04 3.536600000000000000e+04
1.194900000000000000e+04 5.910000000000000000e+04
1.744400000000000000e+04 5.215000000000000000e+04
4.397200000000000000e+04 5.620700000000000000e+04
3.753300000000000000e+04 4.578800000000000000e+04
6.028800000000000000e+04 2.648800000000000000e+04
3.512900000000000000e+04 3.875200000000000000e+04
5.372900000000000000e+04 4.321900000000000000e+04
5.257000000000000000e+03 2.514600000000000000e+04
1.510800000000000000e+04 4.218900000000000000e+04
4.439000000000000000e+04 2.393300000000000000e+04
4.991900000000000000e+04 2.489000000000000000e+04
3.915100000000000000e+04 2.843200000000000000e+04
5.912800000000000000e+04 5.058900000000000000e+04
3.528900000000000000e+04 5.689400000000000000e+04
1.819700000000000000e+04 6.137700000000000000e+04
5.937400000000000000e+04 4.450700000000000000e+04
3.830200000000000000e+04 4.782300000000000000e+04
2.052800000000000000e+04 6.015200000000000000e+04
3.209500000000000000e+04 5.974300000000000000e+04
1.688400000000000000e+04 2.423600000000000000e+04
5.835100000000000000e+04 5.897200000000000000e+04
3.620700000000000000e+04 4.405300000000000000e+04
2.696500000000000000e+04 5.663200000000000000e+04
6.208000000000000000e+04 2.784700000000000000e+04
1.034600000000000000e+04 2.906700000000000000e+04
2.683800000000000000e+04 2.883500000000000000e+04
4.465700000000000000e+04 4.552200000000000000e+04
3.801700000000000000e+04 4.927900000000000000e+04
4.322600000000000000e+04 5.575900000000000000e+04
5.305300000000000000e+04 4.926900000000000000e+04
5.568900000000000000e+04 3.595700000000000000e+04
9.051000000000000000e+03 2.715500000000000000e+04
1.521100000000000000e+04 5.242400000000000000e+04
2.825700000000000000e+04 5.865200000000000000e+04
4.412100000000000000e+04 4.568600000000000000e+04
2.397200000000000000e+04 4.233300000000000000e+04
2.469000000000000000e+04 2.843300000000000000e+04
3.114500000000000000e+04 4.503200000000000000e+04
5.308200000000000000e+04 4.877900000000000000e+04
2.271100000000000000e+04 4.413700000000000000e+04
5.087600000000000000e+04 4.973400000000000000e+04
3.778100000000000000e+04 4.367500000000000000e+04
1.685500000000000000e+04 2.663200000000000000e+04
2.703800000000000000e+04 2.855600000000000000e+04
1.303300000000000000e+04 4.658200000000000000e+04
3.839000000000000000e+04 3.167600000000000000e+04
1.290900000000000000e+04 5.077400000000000000e+04
4.471100000000000000e+04 3.425700000000000000e+04
6.001100000000000000e+04 4.988600000000000000e+04
2.537300000000000000e+04 4.564200000000000000e+04
5.398900000000000000e+04 4.237200000000000000e+04
4.348000000000000000e+04 5.452700000000000000e+04
8.418000000000000000e+03 3.734200000000000000e+04
1.564100000000000000e+04 2.364800000000000000e+04
5.555000000000000000e+03 4.142800000000000000e+04
5.712000000000000000e+03 5.264700000000000000e+04
3.018700000000000000e+04 5.997700000000000000e+04
4.786600000000000000e+04 6.141500000000000000e+04
6.293900000000000000e+04 4.408900000000000000e+04
3.448300000000000000e+04 5.732600000000000000e+04
2.605800000000000000e+04 5.809700000000000000e+04
5.864100000000000000e+04 3.243000000000000000e+04
3.884000000000000000e+04 4.702600000000000000e+04
3.512800000000000000e+04 5.695100000000000000e+04
1.703000000000000000e+04 2.443000000000000000e+04
2.910600000000000000e+04 4.318200000000000000e+04
5.855100000000000000e+04 3.454200000000000000e+04
5.955200000000000000e+04 5.086500000000000000e+04
2.110400000000000000e+04 5.917200000000000000e+04
1.202900000000000000e+04 6.034200000000000000e+04
4.548300000000000000e+04 4.957600000000000000e+04
1.750600000000000000e+04 2.704100000000000000e+04
5.680800000000000000e+04 2.658300000000000000e+04
3.611600000000000000e+04 3.553000000000000000e+04
9.686000000000000000e+03 3.947600000000000000e+04
1.334300000000000000e+04 4.257700000000000000e+04
5.223500000000000000e+04 4.359300000000000000e+04
3.578100000000000000e+04 4.956100000000000000e+04
6.170800000000000000e+04 4.588300000000000000e+04
3.957000000000000000e+03 5.491700000000000000e+04
1.619300000000000000e+04 3.625900000000000000e+04
4.091000000000000000e+03 2.278900000000000000e+04
4.999500000000000000e+04 2.251400000000000000e+04
4.935400000000000000e+04 2.210700000000000000e+04
9.163000000000000000e+03 3.817100000000000000e+04
4.358600000000000000e+04 5.214700000000000000e+04
4.524200000000000000e+04 5.664000000000000000e+04
2.601600000000000000e+04 5.621800000000000000e+04
1.072000000000000000e+04 6.247300000000000000e+04
3.175000000000000000e+03 2.725300000000000000e+04
3.712000000000000000e+03 2.421400000000000000e+04
4.563900000000000000e+04 4.626700000000000000e+04
4.217700000000000000e+04 5.511600000000000000e+04
5.356000000000000000e+04 4.348700000000000000e+04
3.478300000000000000e+04 3.397400000000000000e+04
4.133700000000000000e+04 2.773700000000000000e+04
5.021100000000000000e+04 2.347800000000000000e+04
5.222600000000000000e+04 4.901500000000000000e+04
6.176000000000000000e+03 4.361900000000000000e+04
1.729400000000000000e+04 2.480100000000000000e+04
3.551200000000000000e+04 3.620800000000000000e+04
4.375900000000000000e+04 4.613600000000000000e+04
4.111000000000000000e+03 2.463300000000000000e+04
3.620800000000000000e+04 3.647000000000000000e+04
3.973200000000000000e+04 5.692100000000000000e+04
3.552000000000000000e+03 5.733400000000000000e+04
1.073500000000000000e+04 2.974300000000000000e+04
3.150900000000000000e+04 4.494700000000000000e+04
4.411400000000000000e+04 5.651400000000000000e+04
2.540000000000000000e+04 2.841500000000000000e+04
2.953300000000000000e+04 5.604100000000000000e+04
8.419000000000000000e+03 3.938100000000000000e+04
5.929400000000000000e+04 2.786900000000000000e+04
5.621000000000000000e+03 2.182700000000000000e+04
4.588900000000000000e+04 6.154400000000000000e+04
4.241100000000000000e+04 2.739200000000000000e+04
2.747000000000000000e+04 4.627900000000000000e+04
6.201900000000000000e+04 2.767300000000000000e+04
5.999800000000000000e+04 4.691200000000000000e+04
9.649000000000000000e+03 2.859300000000000000e+04
4.342000000000000000e+03 5.238700000000000000e+04
4.692800000000000000e+04 6.132200000000000000e+04
2.779300000000000000e+04 3.040900000000000000e+04
4.689300000000000000e+04 5.486900000000000000e+04
5.415900000000000000e+04 2.479600000000000000e+04
9.928000000000000000e+03 3.834700000000000000e+04
5.042200000000000000e+04 4.979400000000000000e+04
4.646300000000000000e+04 5.971000000000000000e+04
1.696900000000000000e+04 4.247200000000000000e+04
5.084800000000000000e+04 2.397100000000000000e+04
2.097000000000000000e+04 5.866000000000000000e+04
3.915400000000000000e+04 4.542500000000000000e+04
2.494600000000000000e+04 5.599500000000000000e+04
5.682200000000000000e+04 5.710400000000000000e+04
5.582800000000000000e+04 3.387600000000000000e+04
2.447600000000000000e+04 5.650200000000000000e+04
3.793000000000000000e+03 2.295800000000000000e+04
2.524400000000000000e+04 2.646800000000000000e+04
4.631700000000000000e+04 2.853500000000000000e+04
4.284200000000000000e+04 5.418900000000000000e+04
8.224000000000000000e+03 4.078200000000000000e+04
7.506000000000000000e+03 3.767300000000000000e+04
5.966600000000000000e+04 5.244700000000000000e+04
2.005800000000000000e+04 4.599400000000000000e+04
2.495000000000000000e+04 2.648400000000000000e+04
1.719100000000000000e+04 5.613100000000000000e+04
4.566500000000000000e+04 5.231100000000000000e+04
5.977000000000000000e+04 5.299000000000000000e+04
4.552500000000000000e+04 2.469200000000000000e+04
1.398900000000000000e+04 4.219700000000000000e+04
4.101000000000000000e+03 2.316400000000000000e+04
2.346000000000000000e+04 4.714900000000000000e+04
4.849000000000000000e+04 2.580200000000000000e+04
8.626000000000000000e+03 5.163400000000000000e+04
4.143400000000000000e+04 5.653300000000000000e+04
3.603500000000000000e+04 4.499400000000000000e+04
1.376600000000000000e+04 4.338100000000000000e+04
1.113300000000000000e+04 4.830200000000000000e+04
5.943100000000000000e+04 4.635500000000000000e+04
5.236600000000000000e+04 3.305300000000000000e+04
3.418500000000000000e+04 5.129600000000000000e+04
1.361500000000000000e+04 6.018400000000000000e+04
5.263200000000000000e+04 2.508000000000000000e+04
1.319000000000000000e+04 5.950100000000000000e+04
9.704000000000000000e+03 5.456300000000000000e+04
6.017000000000000000e+04 5.776600000000000000e+04
5.762200000000000000e+04 4.940000000000000000e+04
1.117200000000000000e+04 3.744100000000000000e+04
9.774000000000000000e+03 2.975600000000000000e+04
1.498300000000000000e+04 5.396600000000000000e+04
1.560500000000000000e+04 3.851300000000000000e+04
4.148000000000000000e+03 2.615700000000000000e+04
3.644300000000000000e+04 5.166000000000000000e+04
3.095600000000000000e+04 4.417700000000000000e+04
5.749900000000000000e+04 3.631100000000000000e+04
3.057100000000000000e+04 6.124900000000000000e+04
1.722000000000000000e+04 5.372200000000000000e+04
3.987200000000000000e+04 3.017600000000000000e+04
4.198300000000000000e+04 5.356500000000000000e+04
5.667900000000000000e+04 4.267500000000000000e+04
2.051300000000000000e+04 6.253900000000000000e+04
1.399000000000000000e+04 4.256500000000000000e+04
4.198200000000000000e+04 5.650200000000000000e+04
3.571400000000000000e+04 3.535300000000000000e+04
3.181200000000000000e+04 6.132300000000000000e+04
2.194000000000000000e+03 2.688500000000000000e+04
1.748700000000000000e+04 2.597500000000000000e+04
3.671700000000000000e+04 3.809900000000000000e+04
1.758400000000000000e+04 5.322700000000000000e+04
4.092600000000000000e+04 2.908400000000000000e+04
1.163900000000000000e+04 6.065800000000000000e+04
3.416800000000000000e+04 5.093800000000000000e+04
1.089500000000000000e+04 2.817100000000000000e+04
5.925300000000000000e+04 4.989300000000000000e+04
3.997800000000000000e+04 4.715000000000000000e+04
3.471000000000000000e+03 4.548000000000000000e+04
4.693000000000000000e+04 6.276200000000000000e+04
6.139500000000000000e+04 4.611900000000000000e+04
4.501400000000000000e+04 5.700900000000000000e+04
5.887000000000000000e+04 4.522600000000000000e+04
3.557900000000000000e+04 4.881400000000000000e+04
3.694100000000000000e+04 4.521500000000000000e+04
4.777000000000000000e+03 4.100800000000000000e+04
5.695100000000000000e+04 6.009100000000000000e+04
5.348400000000000000e+04 4.500600000000000000e+04
2.389100000000000000e+04 2.605500000000000000e+04
6.536000000000000000e+03 2.463800000000000000e+04
8.945000000000000000e+03 2.855800000000000000e+04
5.900300000000000000e+04 6.170400000000000000e+04
3.816000000000000000e+03 5.365200000000000000e+04
1.797700000000000000e+04 2.432500000000000000e+04
5.526400000000000000e+04 4.210100000000000000e+04
2.442900000000000000e+04 4.449100000000000000e+04
3.837600000000000000e+04 4.389300000000000000e+04
5.781700000000000000e+04 4.549800000000000000e+04
3.014800000000000000e+04 6.115300000000000000e+04
9.379000000000000000e+03 3.797600000000000000e+04
4.373000000000000000e+03 5.347100000000000000e+04
5.046200000000000000e+04 4.749000000000000000e+04
4.235100000000000000e+04 2.878500000000000000e+04
1.334000000000000000e+04 4.392000000000000000e+04
5.072600000000000000e+04 2.574000000000000000e+04
7.446000000000000000e+03 2.766500000000000000e+04
2.539700000000000000e+04 2.829300000000000000e+04
3.339800000000000000e+04 5.113700000000000000e+04
2.418200000000000000e+04 4.299500000000000000e+04
3.464800000000000000e+04 3.519100000000000000e+04
4.544000000000000000e+03 4.212800000000000000e+04
2.638500000000000000e+04 5.330500000000000000e+04
1.112000000000000000e+04 3.876500000000000000e+04
2.992300000000000000e+04 6.035500000000000000e+04
5.509500000000000000e+04 5.208500000000000000e+04
3.353000000000000000e+04 5.692300000000000000e+04
6.007300000000000000e+04 2.525000000000000000e+04
1.228500000000000000e+04 6.139500000000000000e+04
1.905700000000000000e+04 2.599400000000000000e+04
4.391100000000000000e+04 4.572400000000000000e+04
1.709400000000000000e+04 5.342500000000000000e+04
4.255800000000000000e+04 3.384400000000000000e+04
1.158500000000000000e+04 6.029000000000000000e+04
5.495100000000000000e+04 4.353800000000000000e+04
5.626200000000000000e+04 3.175300000000000000e+04
1.600700000000000000e+04 4.150800000000000000e+04
1.118700000000000000e+04 3.050300000000000000e+04
5.746500000000000000e+04 6.033800000000000000e+04
5.834800000000000000e+04 4.828700000000000000e+04
5.793600000000000000e+04 3.812900000000000000e+04
4.602500000000000000e+04 3.359000000000000000e+04
5.484000000000000000e+03 5.433300000000000000e+04
2.082200000000000000e+04 2.715000000000000000e+04
2.468300000000000000e+04 2.816500000000000000e+04
1.337300000000000000e+04 3.756100000000000000e+04
4.494600000000000000e+04 3.471800000000000000e+04
2.189200000000000000e+04 4.467700000000000000e+04
6.214100000000000000e+04 4.302600000000000000e+04
9.717000000000000000e+03 6.090300000000000000e+04
6.162300000000000000e+04 4.438100000000000000e+04
3.687500000000000000e+04 4.908000000000000000e+04
6.008600000000000000e+04 5.047900000000000000e+04
4.486000000000000000e+04 4.540100000000000000e+04
4.251200000000000000e+04 5.405500000000000000e+04
2.462800000000000000e+04 2.848200000000000000e+04
4.637700000000000000e+04 5.722500000000000000e+04
4.466300000000000000e+04 5.780200000000000000e+04
5.268100000000000000e+04 4.724100000000000000e+04
5.914800000000000000e+04 4.774800000000000000e+04
1.450800000000000000e+04 5.339200000000000000e+04
4.412800000000000000e+04 4.356600000000000000e+04
4.468700000000000000e+04 3.482200000000000000e+04
3.758700000000000000e+04 5.235800000000000000e+04
3.731100000000000000e+04 3.751700000000000000e+04
4.235700000000000000e+04 4.421400000000000000e+04
4.329600000000000000e+04 5.362700000000000000e+04
5.148700000000000000e+04 4.962400000000000000e+04
1.276500000000000000e+04 3.781900000000000000e+04
9.069000000000000000e+03 4.974100000000000000e+04
3.301500000000000000e+04 3.499400000000000000e+04
2.155900000000000000e+04 2.787000000000000000e+04
2.396500000000000000e+04 4.394300000000000000e+04
6.022000000000000000e+04 2.722100000000000000e+04
9.593000000000000000e+03 5.129300000000000000e+04
4.431000000000000000e+04 4.664200000000000000e+04
3.108000000000000000e+04 4.373500000000000000e+04
5.850700000000000000e+04 5.922100000000000000e+04
4.592000000000000000e+03 2.305100000000000000e+04
1.049500000000000000e+04 5.990200000000000000e+04
4.452800000000000000e+04 5.591300000000000000e+04
5.334000000000000000e+04 4.157500000000000000e+04
4.228400000000000000e+04 3.096500000000000000e+04
3.495100000000000000e+04 5.794500000000000000e+04
2.220800000000000000e+04 4.754500000000000000e+04
5.749000000000000000e+04 5.044800000000000000e+04
3.645200000000000000e+04 3.739000000000000000e+04
2.449900000000000000e+04 2.766400000000000000e+04
5.043500000000000000e+04 4.823100000000000000e+04
4.383500000000000000e+04 4.533200000000000000e+04
3.089000000000000000e+03 2.129000000000000000e+04
1.606900000000000000e+04 5.288400000000000000e+04
1.519900000000000000e+04 5.322300000000000000e+04
4.714000000000000000e+03 5.700100000000000000e+04
5.404600000000000000e+04 4.682900000000000000e+04
5.168100000000000000e+04 4.529000000000000000e+04
1.109600000000000000e+04 5.711700000000000000e+04
4.380800000000000000e+04 5.631700000000000000e+04
3.009900000000000000e+04 5.966700000000000000e+04
3.522100000000000000e+04 3.674000000000000000e+04
4.397200000000000000e+04 3.824000000000000000e+04
5.638200000000000000e+04 4.385800000000000000e+04
3.596400000000000000e+04 5.141300000000000000e+04
1.907300000000000000e+04 6.099900000000000000e+04
3.602100000000000000e+04 5.710400000000000000e+04
9.463000000000000000e+03 3.773900000000000000e+04
1.607900000000000000e+04 3.887700000000000000e+04
1.060100000000000000e+04 3.116300000000000000e+04
5.113900000000000000e+04 5.958500000000000000e+04
6.925000000000000000e+03 4.017200000000000000e+04
5.880500000000000000e+04 5.893700000000000000e+04
1.819500000000000000e+04 3.638500000000000000e+04
3.701300000000000000e+04 6.113800000000000000e+04
1.563000000000000000e+04 3.897600000000000000e+04
2.152300000000000000e+04 6.143900000000000000e+04
4.551700000000000000e+04 3.395600000000000000e+04
2.923700000000000000e+04 4.445700000000000000e+04
5.839400000000000000e+04 3.043500000000000000e+04
5.192200000000000000e+04 2.110700000000000000e+04
4.280500000000000000e+04 5.634500000000000000e+04
3.759400000000000000e+04 4.323600000000000000e+04
5.947100000000000000e+04 5.057600000000000000e+04
4.659900000000000000e+04 2.636300000000000000e+04
1.044900000000000000e+04 6.218900000000000000e+04
2.252800000000000000e+04 3.021000000000000000e+04
4.344500000000000000e+04 3.487700000000000000e+04
5.434700000000000000e+04 4.279500000000000000e+04
3.382800000000000000e+04 3.659700000000000000e+04
2.338000000000000000e+04 4.322700000000000000e+04
1.163800000000000000e+04 6.035600000000000000e+04
3.815600000000000000e+04 4.212500000000000000e+04
1.690100000000000000e+04 5.381600000000000000e+04
4.809300000000000000e+04 4.884700000000000000e+04
4.566000000000000000e+04 2.530900000000000000e+04
3.556600000000000000e+04 4.381200000000000000e+04
8.869000000000000000e+03 2.786800000000000000e+04
2.030800000000000000e+04 6.037800000000000000e+04
4.641800000000000000e+04 2.739000000000000000e+04
4.858300000000000000e+04 2.103100000000000000e+04
1.409400000000000000e+04 3.752600000000000000e+04
8.217000000000000000e+03 2.968200000000000000e+04
1.109700000000000000e+04 2.913500000000000000e+04
1.051100000000000000e+04 4.986500000000000000e+04
3.180500000000000000e+04 4.778600000000000000e+04
1.755900000000000000e+04 5.506100000000000000e+04
6.129900000000000000e+04 4.774600000000000000e+04
4.235000000000000000e+04 4.567700000000000000e+04
2.614700000000000000e+04 2.815500000000000000e+04
2.072800000000000000e+04 2.462200000000000000e+04
5.222100000000000000e+04 4.852000000000000000e+04
8.422000000000000000e+03 4.325000000000000000e+04
5.947400000000000000e+04 5.156900000000000000e+04
8.508000000000000000e+03 3.672300000000000000e+04
6.002200000000000000e+04 5.670500000000000000e+04
6.097200000000000000e+04 4.425000000000000000e+04
6.131000000000000000e+04 4.972200000000000000e+04
5.670400000000000000e+04 3.760700000000000000e+04
2.797300000000000000e+04 5.936500000000000000e+04
6.003500000000000000e+04 4.575900000000000000e+04
1.686800000000000000e+04 5.370500000000000000e+04
5.475900000000000000e+04 3.467300000000000000e+04
5.707000000000000000e+04 6.112700000000000000e+04
3.399000000000000000e+04 5.028900000000000000e+04
4.313300000000000000e+04 4.410000000000000000e+04
3.790900000000000000e+04 4.400700000000000000e+04
5.238500000000000000e+04 4.892500000000000000e+04
1.086400000000000000e+04 4.759500000000000000e+04
3.233100000000000000e+04 4.343800000000000000e+04
1.224400000000000000e+04 4.182300000000000000e+04
1.372500000000000000e+04 4.490200000000000000e+04
2.168700000000000000e+04 4.497900000000000000e+04
3.642000000000000000e+03 4.064000000000000000e+04
4.848400000000000000e+04 5.828600000000000000e+04
3.050000000000000000e+04 4.510000000000000000e+04
1.098800000000000000e+04 3.241600000000000000e+04
5.067600000000000000e+04 4.788200000000000000e+04
9.182000000000000000e+03 6.214400000000000000e+04
4.824200000000000000e+04 5.927900000000000000e+04
3.077500000000000000e+04 4.704700000000000000e+04
1.041500000000000000e+04 6.163100000000000000e+04
7.090000000000000000e+03 2.438100000000000000e+04
9.213000000000000000e+03 3.595900000000000000e+04
7.437000000000000000e+03 4.138300000000000000e+04
5.637800000000000000e+04 5.106900000000000000e+04
5.167600000000000000e+04 4.131300000000000000e+04
5.946100000000000000e+04 5.725100000000000000e+04
4.381800000000000000e+04 5.473000000000000000e+04
8.944000000000000000e+03 3.057200000000000000e+04
5.247900000000000000e+04 2.679400000000000000e+04
1.835400000000000000e+04 2.474400000000000000e+04
1.643700000000000000e+04 5.273900000000000000e+04
4.576400000000000000e+04 5.806500000000000000e+04
8.537000000000000000e+03 4.894700000000000000e+04
1.720600000000000000e+04 2.670000000000000000e+04
8.430000000000000000e+03 5.005900000000000000e+04
5.697700000000000000e+04 5.912400000000000000e+04
3.275300000000000000e+04 5.859600000000000000e+04
6.040300000000000000e+04 4.646500000000000000e+04
3.173000000000000000e+04 6.025200000000000000e+04
9.819000000000000000e+03 5.855400000000000000e+04
5.178700000000000000e+04 2.367100000000000000e+04
1.956000000000000000e+04 6.018400000000000000e+04
1.697400000000000000e+04 2.408200000000000000e+04
8.932000000000000000e+03 6.259800000000000000e+04
2.423700000000000000e+04 4.415800000000000000e+04
4.431000000000000000e+03 4.464000000000000000e+04
1.871600000000000000e+04 2.538500000000000000e+04
5.813300000000000000e+04 5.955900000000000000e+04
4.321000000000000000e+04 2.676600000000000000e+04
5.009000000000000000e+03 2.097300000000000000e+04
1.962700000000000000e+04 6.157900000000000000e+04
6.900000000000000000e+03 4.206800000000000000e+04
5.841700000000000000e+04 5.221600000000000000e+04
5.257000000000000000e+04 2.328400000000000000e+04
4.400700000000000000e+04 5.624100000000000000e+04
7.988000000000000000e+03 2.797500000000000000e+04
4.072000000000000000e+04 5.633500000000000000e+04
3.151800000000000000e+04 4.579000000000000000e+04
1.978900000000000000e+04 2.514700000000000000e+04
5.068700000000000000e+04 4.801000000000000000e+04
6.047900000000000000e+04 4.542300000000000000e+04
4.470000000000000000e+03 4.344100000000000000e+04
4.681800000000000000e+04 5.946700000000000000e+04
2.501200000000000000e+04 2.629000000000000000e+04
4.764900000000000000e+04 4.460800000000000000e+04
4.015800000000000000e+04 3.155100000000000000e+04
4.333800000000000000e+04 4.609900000000000000e+04
4.305100000000000000e+04 5.441300000000000000e+04
2.285700000000000000e+04 4.491300000000000000e+04
4.132100000000000000e+04 3.398200000000000000e+04
4.512200000000000000e+04 4.644100000000000000e+04
3.165800000000000000e+04 4.540300000000000000e+04
1.494800000000000000e+04 3.985300000000000000e+04
2.222800000000000000e+04 4.313400000000000000e+04
6.039700000000000000e+04 2.821300000000000000e+04
1.075400000000000000e+04 4.887800000000000000e+04
3.426300000000000000e+04 4.438800000000000000e+04
6.177800000000000000e+04 2.871500000000000000e+04
4.619100000000000000e+04 2.659500000000000000e+04
1.784900000000000000e+04 5.368900000000000000e+04
5.151400000000000000e+04 2.536300000000000000e+04
5.069100000000000000e+04 2.329100000000000000e+04
2.537300000000000000e+04 2.958200000000000000e+04
1.803900000000000000e+04 5.239200000000000000e+04
2.889200000000000000e+04 4.476300000000000000e+04
6.037200000000000000e+04 4.443900000000000000e+04
5.689200000000000000e+04 3.674900000000000000e+04
1.834000000000000000e+04 2.764700000000000000e+04
1.330900000000000000e+04 4.229200000000000000e+04
5.801500000000000000e+04 3.303000000000000000e+04
2.162700000000000000e+04 5.816000000000000000e+04
1.147600000000000000e+04 3.784900000000000000e+04
4.625900000000000000e+04 4.773900000000000000e+04
5.222400000000000000e+04 4.946400000000000000e+04
3.727700000000000000e+04 4.331800000000000000e+04
1.529100000000000000e+04 4.630200000000000000e+04
3.936500000000000000e+04 5.773000000000000000e+04
1.620800000000000000e+04 3.639000000000000000e+04
4.543400000000000000e+04 4.376600000000000000e+04
1.996900000000000000e+04 6.262500000000000000e+04
6.553500000000000000e+04 2.736800000000000000e+04
4.074000000000000000e+04 3.087300000000000000e+04
4.761300000000000000e+04 6.040100000000000000e+04
4.148900000000000000e+04 2.800500000000000000e+04
4.740700000000000000e+04 5.937400000000000000e+04
4.192200000000000000e+04 3.611600000000000000e+04
4.237700000000000000e+04 2.805800000000000000e+04
4.630000000000000000e+03 2.223300000000000000e+04
1.514100000000000000e+04 3.740100000000000000e+04
5.751600000000000000e+04 4.505800000000000000e+04
5.698000000000000000e+03 2.295200000000000000e+04
4.306600000000000000e+04 3.494900000000000000e+04
2.206500000000000000e+04 4.639800000000000000e+04
5.702100000000000000e+04 5.952900000000000000e+04
2.631400000000000000e+04 2.791900000000000000e+04
4.931300000000000000e+04 4.197200000000000000e+04
4.523600000000000000e+04 4.648800000000000000e+04
1.878300000000000000e+04 6.203100000000000000e+04
1.125700000000000000e+04 3.945300000000000000e+04
5.385600000000000000e+04 4.185700000000000000e+04
2.718300000000000000e+04 2.622400000000000000e+04
8.940000000000000000e+02 2.468100000000000000e+04
3.484500000000000000e+04 4.690000000000000000e+04
5.188000000000000000e+03 2.394300000000000000e+04
4.684500000000000000e+04 6.127100000000000000e+04
4.472000000000000000e+04 4.627700000000000000e+04
5.499500000000000000e+04 4.365500000000000000e+04
4.345000000000000000e+04 5.466300000000000000e+04
6.074800000000000000e+04 2.504000000000000000e+04
6.128400000000000000e+04 4.544100000000000000e+04
5.363200000000000000e+04 4.344000000000000000e+04
5.096000000000000000e+04 2.301800000000000000e+04
4.205100000000000000e+04 2.676400000000000000e+04
1.105700000000000000e+04 2.973600000000000000e+04
5.709000000000000000e+04 3.585600000000000000e+04
5.080000000000000000e+04 2.163100000000000000e+04
3.349400000000000000e+04 3.654000000000000000e+04
5.094800000000000000e+04 2.350800000000000000e+04
9.598000000000000000e+03 3.844700000000000000e+04
3.984800000000000000e+04 2.712100000000000000e+04
1.721400000000000000e+04 5.463400000000000000e+04
5.569000000000000000e+04 3.692200000000000000e+04
3.774100000000000000e+04 2.786900000000000000e+04
4.429200000000000000e+04 5.653000000000000000e+04
4.448200000000000000e+04 3.370000000000000000e+04
9.074000000000000000e+03 3.997300000000000000e+04
6.812000000000000000e+03 5.058800000000000000e+04
3.377600000000000000e+04 5.598700000000000000e+04
4.396400000000000000e+04 5.337000000000000000e+04
1.291400000000000000e+04 4.436700000000000000e+04
2.698900000000000000e+04 5.532200000000000000e+04
2.029400000000000000e+04 2.422600000000000000e+04
4.861000000000000000e+03 2.423600000000000000e+04
5.629000000000000000e+04 3.637100000000000000e+04
3.555200000000000000e+04 3.536500000000000000e+04
2.298800000000000000e+04 4.411800000000000000e+04
6.018600000000000000e+04 5.905300000000000000e+04
3.822500000000000000e+04 3.751800000000000000e+04
5.506900000000000000e+04 5.840300000000000000e+04
4.184500000000000000e+04 3.011700000000000000e+04
1.154500000000000000e+04 5.906300000000000000e+04
3.258700000000000000e+04 5.969900000000000000e+04
8.770000000000000000e+03 5.122100000000000000e+04
2.758700000000000000e+04 5.739100000000000000e+04
3.811200000000000000e+04 2.944100000000000000e+04
2.570200000000000000e+04 2.742600000000000000e+04
4.553000000000000000e+03 3.922900000000000000e+04
1.140200000000000000e+04 4.903700000000000000e+04
3.484300000000000000e+04 4.977100000000000000e+04
3.407100000000000000e+04 4.685300000000000000e+04
4.498400000000000000e+04 3.727200000000000000e+04
4.904900000000000000e+04 4.798400000000000000e+04
1.093200000000000000e+04 4.959100000000000000e+04
1.617400000000000000e+04 5.339800000000000000e+04
5.596200000000000000e+04 3.635700000000000000e+04
2.491900000000000000e+04 3.166900000000000000e+04
3.994300000000000000e+04 2.814300000000000000e+04
5.805900000000000000e+04 5.356300000000000000e+04
3.494600000000000000e+04 3.773500000000000000e+04
5.303800000000000000e+04 4.120400000000000000e+04
5.832800000000000000e+04 5.942600000000000000e+04
3.946800000000000000e+04 4.514800000000000000e+04
3.527500000000000000e+04 5.748800000000000000e+04
4.328000000000000000e+04 5.445400000000000000e+04
3.474600000000000000e+04 3.719000000000000000e+04
4.488200000000000000e+04 2.847700000000000000e+04
5.006700000000000000e+04 4.958400000000000000e+04
3.574700000000000000e+04 3.596100000000000000e+04
4.463700000000000000e+04 2.615000000000000000e+04
5.145600000000000000e+04 2.244500000000000000e+04
3.468100000000000000e+04 5.806500000000000000e+04
5.790300000000000000e+04 4.722900000000000000e+04
4.530600000000000000e+04 2.596500000000000000e+04
9.709000000000000000e+03 3.989200000000000000e+04
1.418900000000000000e+04 4.231500000000000000e+04
3.928900000000000000e+04 3.106000000000000000e+04
4.899500000000000000e+04 4.789400000000000000e+04
6.136900000000000000e+04 5.125100000000000000e+04
4.268000000000000000e+03 4.213500000000000000e+04
5.155200000000000000e+04 4.293600000000000000e+04
4.392500000000000000e+04 5.524000000000000000e+04
4.806700000000000000e+04 5.863700000000000000e+04
4.681600000000000000e+04 5.942400000000000000e+04
1.678100000000000000e+04 2.556800000000000000e+04
6.215700000000000000e+04 2.932900000000000000e+04
1.289300000000000000e+04 4.381300000000000000e+04
2.477900000000000000e+04 2.972200000000000000e+04
2.461900000000000000e+04 4.330900000000000000e+04
5.467800000000000000e+04 4.235800000000000000e+04
5.640200000000000000e+04 6.054000000000000000e+04
3.745600000000000000e+04 4.331600000000000000e+04
4.960100000000000000e+04 4.785700000000000000e+04
1.576300000000000000e+04 3.821300000000000000e+04
1.402200000000000000e+04 3.809900000000000000e+04
5.465800000000000000e+04 4.129500000000000000e+04
4.687900000000000000e+04 3.610100000000000000e+04
1.929900000000000000e+04 2.811200000000000000e+04
6.150900000000000000e+04 2.390300000000000000e+04
7.124000000000000000e+03 3.686700000000000000e+04
5.756400000000000000e+04 5.230100000000000000e+04
8.227000000000000000e+03 3.913900000000000000e+04
4.253600000000000000e+04 3.470700000000000000e+04
3.863300000000000000e+04 4.493600000000000000e+04
3.614800000000000000e+04 4.275600000000000000e+04
3.751000000000000000e+04 5.876900000000000000e+04
6.001300000000000000e+04 5.241000000000000000e+04
2.431200000000000000e+04 5.481900000000000000e+04
1.485300000000000000e+04 4.318200000000000000e+04
3.651300000000000000e+04 4.176800000000000000e+04
1.052700000000000000e+04 4.277500000000000000e+04
4.852500000000000000e+04 4.794400000000000000e+04
3.745200000000000000e+04 4.564500000000000000e+04
6.169800000000000000e+04 2.629700000000000000e+04
3.575800000000000000e+04 6.138300000000000000e+04
5.444800000000000000e+04 4.284600000000000000e+04
3.762100000000000000e+04 4.433000000000000000e+04
1.102100000000000000e+04 5.053300000000000000e+04
1.059900000000000000e+04 2.855500000000000000e+04
4.315500000000000000e+04 3.498800000000000000e+04
5.144500000000000000e+04 2.432100000000000000e+04
1.246500000000000000e+04 5.861600000000000000e+04
4.797500000000000000e+04 6.161000000000000000e+04
5.336600000000000000e+04 4.156000000000000000e+04
1.109600000000000000e+04 5.122700000000000000e+04
5.080100000000000000e+04 4.859500000000000000e+04
4.385500000000000000e+04 3.405300000000000000e+04
6.958000000000000000e+03 4.258400000000000000e+04
3.814400000000000000e+04 2.964400000000000000e+04
2.594800000000000000e+04 5.586400000000000000e+04
6.110200000000000000e+04 4.631200000000000000e+04
3.030800000000000000e+04 4.389900000000000000e+04
2.673100000000000000e+04 2.787600000000000000e+04
3.418900000000000000e+04 3.580700000000000000e+04
7.865000000000000000e+03 5.866900000000000000e+04
3.646000000000000000e+03 2.349000000000000000e+04
1.674700000000000000e+04 3.803500000000000000e+04
4.708000000000000000e+04 5.968100000000000000e+04
2.375000000000000000e+03 4.395400000000000000e+04
2.016600000000000000e+04 5.584200000000000000e+04
3.974300000000000000e+04 4.422900000000000000e+04
4.996900000000000000e+04 4.806800000000000000e+04
3.715000000000000000e+03 5.323600000000000000e+04
3.549900000000000000e+04 4.495600000000000000e+04
5.748400000000000000e+04 3.375500000000000000e+04
4.358700000000000000e+04 3.486500000000000000e+04
5.927000000000000000e+03 5.288800000000000000e+04
2.426200000000000000e+04 4.282600000000000000e+04
4.418000000000000000e+03 2.524800000000000000e+04
1.577800000000000000e+04 3.743200000000000000e+04
5.069600000000000000e+04 4.962800000000000000e+04
4.694900000000000000e+04 5.745400000000000000e+04
2.469900000000000000e+04 2.827100000000000000e+04
1.990000000000000000e+04 6.071400000000000000e+04
3.450500000000000000e+04 3.889900000000000000e+04
4.425300000000000000e+04 2.670000000000000000e+04
1.711600000000000000e+04 5.105800000000000000e+04
9.652000000000000000e+03 4.984800000000000000e+04
2.504500000000000000e+04 2.592900000000000000e+04
8.944000000000000000e+03 3.791900000000000000e+04
5.915200000000000000e+04 5.210900000000000000e+04
4.028000000000000000e+03 2.546900000000000000e+04
6.164000000000000000e+03 5.449800000000000000e+04
3.280000000000000000e+03 5.432500000000000000e+04
2.674100000000000000e+04 2.692200000000000000e+04
1.423800000000000000e+04 3.960200000000000000e+04
4.097500000000000000e+04 2.931000000000000000e+04
4.324500000000000000e+04 5.379500000000000000e+04
5.231400000000000000e+04 4.037000000000000000e+04
4.648000000000000000e+04 6.132900000000000000e+04
4.520200000000000000e+04 4.598500000000000000e+04
1.831500000000000000e+04 5.520100000000000000e+04
3.415900000000000000e+04 5.899700000000000000e+04
1.959500000000000000e+04 5.836200000000000000e+04
3.642200000000000000e+04 5.872200000000000000e+04
1.317000000000000000e+04 4.151700000000000000e+04
8.317000000000000000e+03 3.105000000000000000e+04
1.062300000000000000e+04 6.137300000000000000e+04
8.056000000000000000e+03 3.797600000000000000e+04
3.662400000000000000e+04 4.355700000000000000e+04
5.335800000000000000e+04 4.049800000000000000e+04
1.634600000000000000e+04 5.407500000000000000e+04
6.089700000000000000e+04 4.491500000000000000e+04
4.611200000000000000e+04 5.926000000000000000e+04
1.677700000000000000e+04 2.535900000000000000e+04
6.055800000000000000e+04 5.866800000000000000e+04
9.667000000000000000e+03 3.751600000000000000e+04
5.555400000000000000e+04 3.442900000000000000e+04
1.891000000000000000e+04 6.155600000000000000e+04
6.136000000000000000e+03 4.432900000000000000e+04
1.047300000000000000e+04 6.098900000000000000e+04
9.796000000000000000e+03 3.684300000000000000e+04
5.982000000000000000e+03 5.449100000000000000e+04
4.498000000000000000e+04 4.643300000000000000e+04
1.292400000000000000e+04 4.363300000000000000e+04
5.368300000000000000e+04 3.635300000000000000e+04
3.018200000000000000e+04 6.171900000000000000e+04
1.764600000000000000e+04 2.441100000000000000e+04
1.969500000000000000e+04 5.372600000000000000e+04
5.267800000000000000e+04 2.374600000000000000e+04
1.905800000000000000e+04 5.688900000000000000e+04
3.490800000000000000e+04 3.790300000000000000e+04
3.902600000000000000e+04 2.821800000000000000e+04
6.176100000000000000e+04 4.852100000000000000e+04
4.134000000000000000e+03 4.208000000000000000e+04
5.109600000000000000e+04 4.844500000000000000e+04
5.150600000000000000e+04 2.318800000000000000e+04
3.672900000000000000e+04 3.667000000000000000e+04
4.878900000000000000e+04 6.049500000000000000e+04
2.712000000000000000e+04 4.638600000000000000e+04
9.656000000000000000e+03 5.821600000000000000e+04
8.808000000000000000e+03 3.957400000000000000e+04
1.742800000000000000e+04 3.700000000000000000e+04
2.271400000000000000e+04 4.542000000000000000e+04
2.803600000000000000e+04 6.055700000000000000e+04
2.785900000000000000e+04 5.543800000000000000e+04
5.995300000000000000e+04 4.538900000000000000e+04
1.134300000000000000e+04 4.195100000000000000e+04
3.757600000000000000e+04 3.469800000000000000e+04
4.473100000000000000e+04 4.578200000000000000e+04
5.201900000000000000e+04 2.395200000000000000e+04
1.728200000000000000e+04 5.559800000000000000e+04
5.413000000000000000e+03 2.655100000000000000e+04
3.632800000000000000e+04 4.157600000000000000e+04
3.455400000000000000e+04 5.798300000000000000e+04
2.371000000000000000e+03 2.428700000000000000e+04
8.430000000000000000e+03 5.175100000000000000e+04
1.009900000000000000e+04 3.169700000000000000e+04
4.720800000000000000e+04 2.879700000000000000e+04
3.755500000000000000e+04 4.822200000000000000e+04
4.638600000000000000e+04 2.618500000000000000e+04
5.781300000000000000e+04 4.574000000000000000e+04
1.548600000000000000e+04 2.664800000000000000e+04
3.152400000000000000e+04 4.484500000000000000e+04
5.449500000000000000e+04 5.628600000000000000e+04
1.591700000000000000e+04 5.293100000000000000e+04
3.594600000000000000e+04 3.569900000000000000e+04
2.987700000000000000e+04 4.514100000000000000e+04
2.465900000000000000e+04 5.826500000000000000e+04
3.842900000000000000e+04 2.863700000000000000e+04
5.985000000000000000e+04 4.668100000000000000e+04
4.954100000000000000e+04 4.753200000000000000e+04
4.413800000000000000e+04 5.463200000000000000e+04
8.359000000000000000e+03 2.960000000000000000e+04
1.698100000000000000e+04 2.579100000000000000e+04
1.647300000000000000e+04 5.028800000000000000e+04
3.532500000000000000e+04 3.778800000000000000e+04
5.184400000000000000e+04 4.273600000000000000e+04
5.284500000000000000e+04 4.343500000000000000e+04
2.578400000000000000e+04 5.790300000000000000e+04
3.488500000000000000e+04 3.776200000000000000e+04
5.918300000000000000e+04 5.824500000000000000e+04
3.117600000000000000e+04 4.522000000000000000e+04
3.171300000000000000e+04 4.246400000000000000e+04
4.632300000000000000e+04 6.048500000000000000e+04
9.326000000000000000e+03 6.060600000000000000e+04
1.021500000000000000e+04 4.954000000000000000e+04
1.166600000000000000e+04 3.616900000000000000e+04
1.826300000000000000e+04 5.549000000000000000e+04
5.716300000000000000e+04 3.263200000000000000e+04
1.367100000000000000e+04 5.963700000000000000e+04
5.328800000000000000e+04 4.857700000000000000e+04
4.428000000000000000e+04 3.386700000000000000e+04
1.461100000000000000e+04 4.355000000000000000e+04
5.820700000000000000e+04 3.266800000000000000e+04
1.081300000000000000e+04 5.759700000000000000e+04
1.332200000000000000e+04 4.930200000000000000e+04
1.592200000000000000e+04 5.398100000000000000e+04
4.710100000000000000e+04 3.361200000000000000e+04
5.942700000000000000e+04 2.830000000000000000e+04
8.803000000000000000e+03 3.226400000000000000e+04
6.114500000000000000e+04 4.593200000000000000e+04
3.240000000000000000e+03 2.376100000000000000e+04
2.443100000000000000e+04 4.407100000000000000e+04
3.420000000000000000e+04 5.692500000000000000e+04
3.293800000000000000e+04 6.152700000000000000e+04
3.540700000000000000e+04 4.507100000000000000e+04
1.890900000000000000e+04 5.260100000000000000e+04
9.706000000000000000e+03 5.994700000000000000e+04
1.454300000000000000e+04 4.376200000000000000e+04
5.490200000000000000e+04 3.578400000000000000e+04
4.165000000000000000e+04 4.428800000000000000e+04
6.065400000000000000e+04 2.898700000000000000e+04
4.360300000000000000e+04 6.057600000000000000e+04
5.814700000000000000e+04 5.303700000000000000e+04
1.494000000000000000e+04 4.054600000000000000e+04
4.419500000000000000e+04 2.466200000000000000e+04
5.243100000000000000e+04 2.189400000000000000e+04
2.742200000000000000e+04 2.913600000000000000e+04
3.708000000000000000e+04 5.600400000000000000e+04
4.787900000000000000e+04 5.886800000000000000e+04
4.478100000000000000e+04 4.578600000000000000e+04
1.483900000000000000e+04 2.526000000000000000e+04
6.387000000000000000e+03 4.168200000000000000e+04
2.236000000000000000e+03 5.329300000000000000e+04
2.768200000000000000e+04 5.402500000000000000e+04
1.705700000000000000e+04 3.735300000000000000e+04
2.694600000000000000e+04 5.743700000000000000e+04
6.906000000000000000e+03 2.881500000000000000e+04
5.138000000000000000e+04 4.681600000000000000e+04
2.611900000000000000e+04 5.522800000000000000e+04
2.921700000000000000e+04 4.618800000000000000e+04
2.549700000000000000e+04 3.073000000000000000e+04
3.441600000000000000e+04 4.986100000000000000e+04
5.896400000000000000e+04 2.841400000000000000e+04
4.297000000000000000e+04 4.623800000000000000e+04
1.839000000000000000e+04 5.494200000000000000e+04
6.234900000000000000e+04 5.292200000000000000e+04
2.583900000000000000e+04 2.756200000000000000e+04
3.872200000000000000e+04 4.465600000000000000e+04
1.779400000000000000e+04 3.779900000000000000e+04
5.919100000000000000e+04 4.555100000000000000e+04
1.541100000000000000e+04 2.617600000000000000e+04
3.146900000000000000e+04 4.439900000000000000e+04
5.163400000000000000e+04 4.167600000000000000e+04
2.789700000000000000e+04 5.773100000000000000e+04
5.091800000000000000e+04 2.310400000000000000e+04
4.354700000000000000e+04 4.669400000000000000e+04
1.190700000000000000e+04 5.906200000000000000e+04
2.631200000000000000e+04 3.122700000000000000e+04
3.371100000000000000e+04 4.929500000000000000e+04
2.643200000000000000e+04 2.894400000000000000e+04
1.690200000000000000e+04 2.651300000000000000e+04
2.298400000000000000e+04 4.505000000000000000e+04
2.868700000000000000e+04 4.522300000000000000e+04
3.533900000000000000e+04 4.742000000000000000e+04
4.135600000000000000e+04 3.050800000000000000e+04
1.700000000000000000e+04 3.635300000000000000e+04
2.322300000000000000e+04 4.577400000000000000e+04
5.944000000000000000e+03 4.173700000000000000e+04
5.768100000000000000e+04 5.165700000000000000e+04
4.453800000000000000e+04 5.253200000000000000e+04
2.536900000000000000e+04 5.541400000000000000e+04
4.379300000000000000e+04 2.769000000000000000e+04
4.027700000000000000e+04 2.941400000000000000e+04
2.448000000000000000e+04 4.420000000000000000e+04
4.353700000000000000e+04 4.416400000000000000e+04
3.802600000000000000e+04 4.943300000000000000e+04
8.725000000000000000e+03 3.776400000000000000e+04
5.921700000000000000e+04 4.765100000000000000e+04
4.635200000000000000e+04 5.951000000000000000e+04
5.924700000000000000e+04 5.786900000000000000e+04
3.622700000000000000e+04 4.260700000000000000e+04
4.222000000000000000e+03 4.212300000000000000e+04
2.961100000000000000e+04 6.058000000000000000e+04
1.137700000000000000e+04 6.141500000000000000e+04
4.174200000000000000e+04 5.419400000000000000e+04
5.001400000000000000e+04 4.907700000000000000e+04
6.020500000000000000e+04 2.842000000000000000e+04
9.125000000000000000e+03 4.069400000000000000e+04
5.945700000000000000e+04 5.258200000000000000e+04
3.731800000000000000e+04 3.581800000000000000e+04
3.681000000000000000e+03 2.385000000000000000e+04
2.787600000000000000e+04 5.834200000000000000e+04
3.999300000000000000e+04 2.744800000000000000e+04
5.371600000000000000e+04 4.404400000000000000e+04
1.424200000000000000e+04 4.744900000000000000e+04
2.575900000000000000e+04 2.947900000000000000e+04
1.126800000000000000e+04 2.931300000000000000e+04
2.013400000000000000e+04 6.163300000000000000e+04
5.892400000000000000e+04 4.696500000000000000e+04
1.757800000000000000e+04 3.768600000000000000e+04
6.029900000000000000e+04 5.776900000000000000e+04
4.630500000000000000e+04 4.595900000000000000e+04
1.710400000000000000e+04 3.662000000000000000e+04
2.819800000000000000e+04 6.060500000000000000e+04
4.515500000000000000e+04 4.630000000000000000e+04
4.705000000000000000e+03 5.449900000000000000e+04
4.249700000000000000e+04 5.564800000000000000e+04
3.639400000000000000e+04 5.854700000000000000e+04
2.701200000000000000e+04 5.362000000000000000e+04
5.584300000000000000e+04 4.346100000000000000e+04
1.620400000000000000e+04 5.372900000000000000e+04
1.748800000000000000e+04 2.574300000000000000e+04
9.465000000000000000e+03 3.111500000000000000e+04
5.202000000000000000e+03 2.423500000000000000e+04
1.739900000000000000e+04 4.521800000000000000e+04
3.037800000000000000e+04 4.315700000000000000e+04
3.833400000000000000e+04 4.498300000000000000e+04
2.549700000000000000e+04 4.463000000000000000e+04
4.130500000000000000e+04 2.806700000000000000e+04
4.534400000000000000e+04 2.501400000000000000e+04
3.675500000000000000e+04 5.650600000000000000e+04
4.716000000000000000e+03 5.426400000000000000e+04
2.354000000000000000e+03 2.350000000000000000e+04
1.815800000000000000e+04 2.490600000000000000e+04
3.051900000000000000e+04 6.057500000000000000e+04
1.223100000000000000e+04 6.203300000000000000e+04
5.959300000000000000e+04 5.189000000000000000e+04
4.267800000000000000e+04 2.918600000000000000e+04
3.192700000000000000e+04 4.541000000000000000e+04
4.591700000000000000e+04 4.676800000000000000e+04
1.880500000000000000e+04 6.019900000000000000e+04
5.946200000000000000e+04 3.464400000000000000e+04
2.613800000000000000e+04 2.699200000000000000e+04
2.134800000000000000e+04 6.080400000000000000e+04
1.607500000000000000e+04 5.479100000000000000e+04
1.971900000000000000e+04 6.002700000000000000e+04
5.344600000000000000e+04 4.178900000000000000e+04
3.814100000000000000e+04 4.298700000000000000e+04
3.576100000000000000e+04 5.821600000000000000e+04
2.747600000000000000e+04 2.896900000000000000e+04
2.703800000000000000e+04 6.052700000000000000e+04
2.326200000000000000e+04 4.527700000000000000e+04
2.339500000000000000e+04 4.524400000000000000e+04
4.673100000000000000e+04 5.818500000000000000e+04
3.570600000000000000e+04 3.566800000000000000e+04
3.480800000000000000e+04 3.321400000000000000e+04
5.249600000000000000e+04 2.213300000000000000e+04
3.338000000000000000e+03 5.537300000000000000e+04
5.873000000000000000e+04 4.680300000000000000e+04
5.833500000000000000e+04 5.017000000000000000e+04
4.276300000000000000e+04 5.572200000000000000e+04
3.635100000000000000e+04 4.989100000000000000e+04
1.009300000000000000e+04 5.796800000000000000e+04
6.098700000000000000e+04 4.840100000000000000e+04
1.526400000000000000e+04 3.540800000000000000e+04
4.196500000000000000e+04 5.618300000000000000e+04
2.621800000000000000e+04 2.746400000000000000e+04
3.878400000000000000e+04 5.834700000000000000e+04
6.018800000000000000e+04 4.595700000000000000e+04
5.660800000000000000e+04 5.302400000000000000e+04
7.306000000000000000e+03 5.099500000000000000e+04
4.166000000000000000e+04 5.431200000000000000e+04
5.392000000000000000e+04 4.296800000000000000e+04
1.197700000000000000e+04 4.329500000000000000e+04
2.676900000000000000e+04 5.675300000000000000e+04
1.602400000000000000e+04 5.294900000000000000e+04
5.700900000000000000e+04 3.633400000000000000e+04
1.045700000000000000e+04 4.918300000000000000e+04
4.678200000000000000e+04 5.929000000000000000e+04
4.986000000000000000e+04 2.222100000000000000e+04
4.081300000000000000e+04 2.940300000000000000e+04
1.150400000000000000e+04 4.961300000000000000e+04
4.872000000000000000e+04 4.894300000000000000e+04
5.741500000000000000e+04 4.488100000000000000e+04
5.893700000000000000e+04 5.980100000000000000e+04
2.369600000000000000e+04 5.453300000000000000e+04
9.704000000000000000e+03 5.084200000000000000e+04
4.641500000000000000e+04 5.845000000000000000e+04
6.272800000000000000e+04 2.400200000000000000e+04
4.607200000000000000e+04 2.565800000000000000e+04
4.213500000000000000e+04 3.044300000000000000e+04
3.649900000000000000e+04 5.738900000000000000e+04
5.789000000000000000e+04 5.352300000000000000e+04
1.191400000000000000e+04 3.771000000000000000e+04
4.113200000000000000e+04 2.847000000000000000e+04
4.991900000000000000e+04 2.307000000000000000e+04
5.462600000000000000e+04 4.346100000000000000e+04
4.661100000000000000e+04 5.952800000000000000e+04
2.008900000000000000e+04 6.212900000000000000e+04
5.906600000000000000e+04 4.661900000000000000e+04
4.040400000000000000e+04 2.851600000000000000e+04
2.794600000000000000e+04 2.899900000000000000e+04
4.522900000000000000e+04 2.621200000000000000e+04
1.383700000000000000e+04 3.521100000000000000e+04
4.495500000000000000e+04 5.340900000000000000e+04
1.122000000000000000e+04 3.154700000000000000e+04
5.328100000000000000e+04 4.355000000000000000e+04
4.604600000000000000e+04 5.897700000000000000e+04
1.166100000000000000e+04 5.237300000000000000e+04
4.545500000000000000e+04 4.705100000000000000e+04
5.826000000000000000e+04 2.867000000000000000e+04
8.668000000000000000e+03 5.071100000000000000e+04
5.513000000000000000e+04 3.261300000000000000e+04
5.104100000000000000e+04 5.957800000000000000e+04
4.952000000000000000e+04 4.947100000000000000e+04
7.617000000000000000e+03 5.428300000000000000e+04
6.016500000000000000e+04 4.905000000000000000e+04
3.600600000000000000e+04 4.453300000000000000e+04
3.794900000000000000e+04 5.900500000000000000e+04
3.106700000000000000e+04 6.036200000000000000e+04
4.079800000000000000e+04 2.993300000000000000e+04
5.608300000000000000e+04 3.464200000000000000e+04
6.051400000000000000e+04 4.770800000000000000e+04
3.581200000000000000e+04 4.423700000000000000e+04
1.739600000000000000e+04 5.743300000000000000e+04
3.497500000000000000e+04 5.689000000000000000e+04
5.115200000000000000e+04 4.660100000000000000e+04
1.605300000000000000e+04 2.657500000000000000e+04
3.862800000000000000e+04 4.242500000000000000e+04
0.000000000000000000e+00 2.207800000000000000e+04
5.620400000000000000e+04 6.025900000000000000e+04
7.497000000000000000e+03 5.351300000000000000e+04
5.002500000000000000e+04 2.154900000000000000e+04
6.128500000000000000e+04 4.454400000000000000e+04
4.250000000000000000e+04 3.718800000000000000e+04
4.369500000000000000e+04 3.377000000000000000e+04
4.360200000000000000e+04 2.632700000000000000e+04
2.080400000000000000e+04 6.014800000000000000e+04
4.257400000000000000e+04 3.447700000000000000e+04
4.980800000000000000e+04 5.872800000000000000e+04
3.412300000000000000e+04 3.795800000000000000e+04
1.590300000000000000e+04 5.570300000000000000e+04
3.605300000000000000e+04 3.589600000000000000e+04
5.588400000000000000e+04 3.362700000000000000e+04
9.035000000000000000e+03 3.585900000000000000e+04
4.201100000000000000e+04 3.569600000000000000e+04
3.107800000000000000e+04 5.934800000000000000e+04
2.938000000000000000e+03 2.352100000000000000e+04
5.920700000000000000e+04 4.533500000000000000e+04
4.275600000000000000e+04 5.409900000000000000e+04
4.457000000000000000e+04 4.708000000000000000e+04
7.002000000000000000e+03 4.188100000000000000e+04
1.968100000000000000e+04 5.774500000000000000e+04
3.238800000000000000e+04 3.291200000000000000e+04
2.308900000000000000e+04 4.519600000000000000e+04
4.412000000000000000e+03 5.323200000000000000e+04
4.501300000000000000e+04 4.644800000000000000e+04
4.196200000000000000e+04 3.352300000000000000e+04
4.615500000000000000e+04 3.684500000000000000e+04
2.737100000000000000e+04 2.651900000000000000e+04
5.088800000000000000e+04 2.306300000000000000e+04
5.825600000000000000e+04 4.621600000000000000e+04
3.576300000000000000e+04 5.347900000000000000e+04
5.292200000000000000e+04 4.757900000000000000e+04
9.237000000000000000e+03 2.775000000000000000e+04
3.246000000000000000e+03 2.192400000000000000e+04
2.395400000000000000e+04 2.543700000000000000e+04
4.395400000000000000e+04 5.586500000000000000e+04
3.173400000000000000e+04 4.629300000000000000e+04
5.039000000000000000e+03 5.222100000000000000e+04
5.736400000000000000e+04 3.819100000000000000e+04
5.234400000000000000e+04 4.554000000000000000e+04
6.112100000000000000e+04 4.895600000000000000e+04
2.471000000000000000e+04 5.611700000000000000e+04
4.131200000000000000e+04 3.560100000000000000e+04
3.892800000000000000e+04 4.420000000000000000e+04
4.437800000000000000e+04 2.529600000000000000e+04
4.444500000000000000e+04 5.494700000000000000e+04
3.535800000000000000e+04 3.694800000000000000e+04
5.124500000000000000e+04 5.013700000000000000e+04
4.510400000000000000e+04 2.656900000000000000e+04
1.393800000000000000e+04 4.347200000000000000e+04
6.097300000000000000e+04 4.382500000000000000e+04
2.496500000000000000e+04 2.726700000000000000e+04
6.249600000000000000e+04 4.391600000000000000e+04
6.053400000000000000e+04 2.934200000000000000e+04
5.376900000000000000e+04 4.378600000000000000e+04
4.528400000000000000e+04 5.969100000000000000e+04
5.092500000000000000e+04 4.854100000000000000e+04
1.133200000000000000e+04 6.050100000000000000e+04
5.210700000000000000e+04 2.115000000000000000e+04
4.280700000000000000e+04 3.487000000000000000e+04
9.327000000000000000e+03 3.756500000000000000e+04
1.028200000000000000e+04 5.241000000000000000e+04
4.562100000000000000e+04 4.364300000000000000e+04
3.955900000000000000e+04 2.797700000000000000e+04
3.731900000000000000e+04 5.587100000000000000e+04
5.281200000000000000e+04 4.752600000000000000e+04
5.088100000000000000e+04 4.781400000000000000e+04
6.224600000000000000e+04 5.101900000000000000e+04
1.852700000000000000e+04 2.368500000000000000e+04
1.549400000000000000e+04 3.784100000000000000e+04
6.156000000000000000e+03 4.376300000000000000e+04
5.969200000000000000e+04 4.464500000000000000e+04
3.541200000000000000e+04 5.043700000000000000e+04
2.071300000000000000e+04 5.815200000000000000e+04
2.474000000000000000e+04 5.708600000000000000e+04
1.582600000000000000e+04 4.251600000000000000e+04
6.102000000000000000e+03 4.297000000000000000e+04
5.795200000000000000e+04 3.607000000000000000e+04
1.749600000000000000e+04 2.631800000000000000e+04
3.012200000000000000e+04 5.891900000000000000e+04
5.454000000000000000e+03 5.378100000000000000e+04
3.117500000000000000e+04 6.021300000000000000e+04
2.446700000000000000e+04 2.886400000000000000e+04
3.531600000000000000e+04 3.342300000000000000e+04
1.032500000000000000e+04 5.027100000000000000e+04
3.339500000000000000e+04 5.827800000000000000e+04
1.861600000000000000e+04 5.320100000000000000e+04
4.138400000000000000e+04 3.766900000000000000e+04
5.561000000000000000e+03 5.494600000000000000e+04
5.414600000000000000e+04 4.120200000000000000e+04
2.728800000000000000e+04 5.611200000000000000e+04
3.619200000000000000e+04 4.991900000000000000e+04
5.783800000000000000e+04 5.876000000000000000e+04
4.525100000000000000e+04 2.649500000000000000e+04
4.131900000000000000e+04 4.348600000000000000e+04
4.719900000000000000e+04 5.906000000000000000e+04
3.461200000000000000e+04 5.094900000000000000e+04
