2.802100000000000000e+04 5.681500000000000000e+04
6.316200000000000000e+04 5.360900000000000000e+04
3.761600000000000000e+04 4.707400000000000000e+04
7.934000000000000000e+03 4.854400000000000000e+04
3.600100000000000000e+04 5.014700000000000000e+04
2.811800000000000000e+04 4.477500000000000000e+04
3.809500000000000000e+04 3.919600000000000000e+04
9.933000000000000000e+03 5.926900000000000000e+04
6.176600000000000000e+04 4.482200000000000000e+04
4.449200000000000000e+04 4.597700000000000000e+04
1.757300000000000000e+04 5.637600000000000000e+04
2.453500000000000000e+04 4.413800000000000000e+04
6.121100000000000000e+04 4.448400000000000000e+04
2.925900000000000000e+04 5.710000000000000000e+04
2.240300000000000000e+04 6.222400000000000000e+04
3.510100000000000000e+04 3.814200000000000000e+04
8.066000000000000000e+03 5.213300000000000000e+04
1.977000000000000000e+04 5.939700000000000000e+04
4.035800000000000000e+04 4.401700000000000000e+04
3.129100000000000000e+04 4.410700000000000000e+04
2.185400000000000000e+04 4.551200000000000000e+04
5.669600000000000000e+04 3.682700000000000000e+04
2.367400000000000000e+04 4.378500000000000000e+04
5.720000000000000000e+04 3.628200000000000000e+04
2.787400000000000000e+04 5.522100000000000000e+04
2.656000000000000000e+04 5.569100000000000000e+04
5.427500000000000000e+04 4.858000000000000000e+04
3.299700000000000000e+04 5.965500000000000000e+04
5.678300000000000000e+04 5.284600000000000000e+04
5.389000000000000000e+03 5.487000000000000000e+04
2.718100000000000000e+04 5.491900000000000000e+04
8.240000000000000000e+03 6.083100000000000000e+04
6.307400000000000000e+04 4.751000000000000000e+04
5.330700000000000000e+04 5.101500000000000000e+04
1.211400000000000000e+04 4.999300000000000000e+04
3.965700000000000000e+04 4.601200000000000000e+04
2.096000000000000000e+04 6.185200000000000000e+04
6.060200000000000000e+04 4.475600000000000000e+04
3.791500000000000000e+04 3.757100000000000000e+04
3.670200000000000000e+04 4.580200000000000000e+04
3.602200000000000000e+04 4.437800000000000000e+04
6.419700000000000000e+04 4.647700000000000000e+04
3.855800000000000000e+04 5.667000000000000000e+04
3.125900000000000000e+04 6.232000000000000000e+04
1.806800000000000000e+04 5.438600000000000000e+04
5.945800000000000000e+04 4.743000000000000000e+04
4.570500000000000000e+04 4.704100000000000000e+04
5.610700000000000000e+04 3.472100000000000000e+04
6.266100000000000000e+04 4.673400000000000000e+04
6.143400000000000000e+04 4.627000000000000000e+04
1.628600000000000000e+04 5.444900000000000000e+04
2.237800000000000000e+04 4.292900000000000000e+04
1.611100000000000000e+04 5.361900000000000000e+04
3.991000000000000000e+03 5.563100000000000000e+04
1.093600000000000000e+04 6.118400000000000000e+04
3.670100000000000000e+04 4.320600000000000000e+04
3.912500000000000000e+04 4.262600000000000000e+04
5.857000000000000000e+04 3.694200000000000000e+04
3.369700000000000000e+04 5.853400000000000000e+04
3.599400000000000000e+04 5.081700000000000000e+04
1.671900000000000000e+04 5.558500000000000000e+04
3.813000000000000000e+04 3.601100000000000000e+04
2.996000000000000000e+03 5.548900000000000000e+04
9.616000000000000000e+03 5.279300000000000000e+04
6.250700000000000000e+04 5.988600000000000000e+04
5.641300000000000000e+04 3.641800000000000000e+04
3.645100000000000000e+04 4.488500000000000000e+04
3.619500000000000000e+04 5.160600000000000000e+04
2.382000000000000000e+04 4.497600000000000000e+04
3.529200000000000000e+04 4.750700000000000000e+04
1.219900000000000000e+04 5.048500000000000000e+04
5.411100000000000000e+04 4.371100000000000000e+04
5.943400000000000000e+04 5.243300000000000000e+04
3.781000000000000000e+04 4.810800000000000000e+04
5.302300000000000000e+04 4.612800000000000000e+04
6.325600000000000000e+04 5.331900000000000000e+04
1.093900000000000000e+04 5.834600000000000000e+04
5.291700000000000000e+04 5.105600000000000000e+04
1.749400000000000000e+04 5.632100000000000000e+04
3.141300000000000000e+04 6.051100000000000000e+04
3.997600000000000000e+04 4.573100000000000000e+04
2.968000000000000000e+03 5.421400000000000000e+04
5.369400000000000000e+04 5.198500000000000000e+04
1.091900000000000000e+04 5.052500000000000000e+04
5.963700000000000000e+04 4.581100000000000000e+04
2.454200000000000000e+04 4.472800000000000000e+04
3.644400000000000000e+04 3.461400000000000000e+04
1.085900000000000000e+04 5.124800000000000000e+04
2.552800000000000000e+04 5.958100000000000000e+04
6.129000000000000000e+04 5.402800000000000000e+04
3.605600000000000000e+04 3.496400000000000000e+04
9.829000000000000000e+03 6.169600000000000000e+04
3.933000000000000000e+03 5.431600000000000000e+04
6.090200000000000000e+04 5.508200000000000000e+04
3.213400000000000000e+04 6.103700000000000000e+04
3.842100000000000000e+04 4.484700000000000000e+04
3.391600000000000000e+04 3.866500000000000000e+04
1.609700000000000000e+04 5.642800000000000000e+04
3.640700000000000000e+04 3.615700000000000000e+04
3.622900000000000000e+04 5.855900000000000000e+04
5.642900000000000000e+04 3.560000000000000000e+04
5.049800000000000000e+04 5.099300000000000000e+04
2.195800000000000000e+04 4.556000000000000000e+04
2.473800000000000000e+04 4.464000000000000000e+04
4.299000000000000000e+04 4.711100000000000000e+04
6.054800000000000000e+04 5.367800000000000000e+04
3.291000000000000000e+04 3.635500000000000000e+04
2.293400000000000000e+04 4.517500000000000000e+04
4.619100000000000000e+04 4.831700000000000000e+04
1.027900000000000000e+04 5.768100000000000000e+04
2.205100000000000000e+04 4.421200000000000000e+04
2.348700000000000000e+04 4.255700000000000000e+04
5.116200000000000000e+04 5.161200000000000000e+04
4.329000000000000000e+03 5.301200000000000000e+04
2.180000000000000000e+04 4.793400000000000000e+04
3.317100000000000000e+04 5.935900000000000000e+04
1.141200000000000000e+04 6.453700000000000000e+04
3.494000000000000000e+04 3.599000000000000000e+04
5.559200000000000000e+04 3.601400000000000000e+04
5.719200000000000000e+04 6.309100000000000000e+04
6.138300000000000000e+04 4.645400000000000000e+04
2.840200000000000000e+04 5.764700000000000000e+04
5.879700000000000000e+04 5.837700000000000000e+04
5.474800000000000000e+04 4.743500000000000000e+04
7.385000000000000000e+03 5.165600000000000000e+04
1.045700000000000000e+04 5.894200000000000000e+04
6.063400000000000000e+04 4.582600000000000000e+04
3.177900000000000000e+04 5.932800000000000000e+04
6.060100000000000000e+04 4.793700000000000000e+04
3.300300000000000000e+04 6.047600000000000000e+04
5.100300000000000000e+04 4.869300000000000000e+04
5.514300000000000000e+04 4.023800000000000000e+04
2.677400000000000000e+04 5.700100000000000000e+04
2.021100000000000000e+04 6.098600000000000000e+04
2.654200000000000000e+04 5.729700000000000000e+04
5.430800000000000000e+04 4.260200000000000000e+04
2.293700000000000000e+04 4.354800000000000000e+04
3.395900000000000000e+04 5.766300000000000000e+04
6.702000000000000000e+03 5.448300000000000000e+04
5.268000000000000000e+03 5.664500000000000000e+04
3.912400000000000000e+04 4.297200000000000000e+04
1.765800000000000000e+04 5.282700000000000000e+04
5.324100000000000000e+04 5.342000000000000000e+04
2.456700000000000000e+04 4.337900000000000000e+04
2.376300000000000000e+04 4.475000000000000000e+04
2.038400000000000000e+04 6.243700000000000000e+04
3.137500000000000000e+04 4.564500000000000000e+04
1.611600000000000000e+04 5.468300000000000000e+04
2.157700000000000000e+04 6.014100000000000000e+04
8.879000000000000000e+03 5.924400000000000000e+04
1.538300000000000000e+04 5.391400000000000000e+04
5.952400000000000000e+04 4.670100000000000000e+04
3.643300000000000000e+04 5.768400000000000000e+04
3.239000000000000000e+04 5.843100000000000000e+04
3.514100000000000000e+04 6.057100000000000000e+04
3.526600000000000000e+04 3.765800000000000000e+04
6.236400000000000000e+04 5.064800000000000000e+04
3.810400000000000000e+04 4.490200000000000000e+04
1.377900000000000000e+04 6.096800000000000000e+04
1.179800000000000000e+04 5.305200000000000000e+04
3.690300000000000000e+04 4.258400000000000000e+04
3.652900000000000000e+04 5.800900000000000000e+04
5.333200000000000000e+04 4.378200000000000000e+04
2.526000000000000000e+04 5.672300000000000000e+04
5.154500000000000000e+04 4.836200000000000000e+04
1.780000000000000000e+04 5.391800000000000000e+04
2.806400000000000000e+04 5.817400000000000000e+04
3.334800000000000000e+04 4.989200000000000000e+04
6.020100000000000000e+04 5.200300000000000000e+04
6.066200000000000000e+04 4.518300000000000000e+04
5.815400000000000000e+04 5.978000000000000000e+04
1.122500000000000000e+04 5.189200000000000000e+04
4.561200000000000000e+04 4.797100000000000000e+04
2.553500000000000000e+04 4.627400000000000000e+04
6.248500000000000000e+04 5.182400000000000000e+04
6.234500000000000000e+04 4.709100000000000000e+04
2.161600000000000000e+04 6.277600000000000000e+04
3.564800000000000000e+04 3.912900000000000000e+04
3.876800000000000000e+04 4.470100000000000000e+04
5.374200000000000000e+04 4.990700000000000000e+04
3.521100000000000000e+04 5.898300000000000000e+04
9.932000000000000000e+03 5.931600000000000000e+04
3.606400000000000000e+04 6.050500000000000000e+04
6.101600000000000000e+04 4.779300000000000000e+04
1.063300000000000000e+04 5.051100000000000000e+04
1.987600000000000000e+04 5.452100000000000000e+04
1.262200000000000000e+04 5.854700000000000000e+04
4.692400000000000000e+04 4.706600000000000000e+04
4.049200000000000000e+04 4.776100000000000000e+04
5.304500000000000000e+04 3.347600000000000000e+04
2.464600000000000000e+04 4.540600000000000000e+04
5.444900000000000000e+04 4.287200000000000000e+04
5.945000000000000000e+03 5.261500000000000000e+04
6.190900000000000000e+04 4.607200000000000000e+04
5.045200000000000000e+04 4.894500000000000000e+04
3.362400000000000000e+04 5.830300000000000000e+04
2.068700000000000000e+04 6.066700000000000000e+04
1.146500000000000000e+04 6.128900000000000000e+04
9.817000000000000000e+03 6.072800000000000000e+04
5.589200000000000000e+04 3.685200000000000000e+04
3.006100000000000000e+04 6.124600000000000000e+04
6.176800000000000000e+04 4.439100000000000000e+04
1.148000000000000000e+04 5.060400000000000000e+04
5.684300000000000000e+04 5.915100000000000000e+04
6.030800000000000000e+04 5.168500000000000000e+04
3.640300000000000000e+04 4.890300000000000000e+04
1.929400000000000000e+04 5.264900000000000000e+04
3.924000000000000000e+04 4.563600000000000000e+04
2.585100000000000000e+04 5.822200000000000000e+04
6.203300000000000000e+04 4.563500000000000000e+04
1.025600000000000000e+04 6.090700000000000000e+04
2.038000000000000000e+04 6.073300000000000000e+04
1.765000000000000000e+04 5.461100000000000000e+04
5.902000000000000000e+03 5.352700000000000000e+04
3.939800000000000000e+04 5.816500000000000000e+04
1.107600000000000000e+04 5.371700000000000000e+04
3.153000000000000000e+04 5.944000000000000000e+04
4.273200000000000000e+04 4.544400000000000000e+04
3.295400000000000000e+04 5.086100000000000000e+04
1.106200000000000000e+04 5.006800000000000000e+04
3.580800000000000000e+04 3.637600000000000000e+04
5.904500000000000000e+04 5.270600000000000000e+04
8.754000000000000000e+03 6.124200000000000000e+04
2.194400000000000000e+04 6.019000000000000000e+04
3.037000000000000000e+04 4.357900000000000000e+04
5.789400000000000000e+04 5.903600000000000000e+04
4.537400000000000000e+04 4.635500000000000000e+04
9.347000000000000000e+03 6.151200000000000000e+04
3.179300000000000000e+04 4.633700000000000000e+04
1.756000000000000000e+03 5.450200000000000000e+04
5.755000000000000000e+03 5.362700000000000000e+04
4.118000000000000000e+03 5.360000000000000000e+04
1.778600000000000000e+04 5.515700000000000000e+04
1.241600000000000000e+04 5.146000000000000000e+04
1.721100000000000000e+04 5.261900000000000000e+04
2.825000000000000000e+04 6.023500000000000000e+04
3.750900000000000000e+04 4.996400000000000000e+04
3.597000000000000000e+03 5.274800000000000000e+04
5.772600000000000000e+04 3.599800000000000000e+04
4.107300000000000000e+04 4.367800000000000000e+04
2.189700000000000000e+04 5.891700000000000000e+04
2.807300000000000000e+04 5.625700000000000000e+04
3.198500000000000000e+04 6.253700000000000000e+04
3.722600000000000000e+04 5.724100000000000000e+04
5.870600000000000000e+04 3.653300000000000000e+04
5.558000000000000000e+04 3.458600000000000000e+04
4.488200000000000000e+04 4.724500000000000000e+04
5.683000000000000000e+04 4.099700000000000000e+04
5.694100000000000000e+04 3.832700000000000000e+04
2.123100000000000000e+04 5.942300000000000000e+04
5.911200000000000000e+04 6.318700000000000000e+04
6.101900000000000000e+04 5.153500000000000000e+04
1.466500000000000000e+04 5.339300000000000000e+04
1.306300000000000000e+04 5.143300000000000000e+04
3.477200000000000000e+04 3.756600000000000000e+04
6.109900000000000000e+04 5.019900000000000000e+04
3.684700000000000000e+04 5.345500000000000000e+04
2.890400000000000000e+04 5.919100000000000000e+04
5.299300000000000000e+04 4.089000000000000000e+04
3.899000000000000000e+04 5.815400000000000000e+04
3.567800000000000000e+04 4.894400000000000000e+04
9.324000000000000000e+03 4.971400000000000000e+04
1.068000000000000000e+04 5.116400000000000000e+04
5.760100000000000000e+04 3.563500000000000000e+04
2.916000000000000000e+03 5.418000000000000000e+04
4.440100000000000000e+04 4.591800000000000000e+04
4.677300000000000000e+04 4.494100000000000000e+04
2.352400000000000000e+04 4.658700000000000000e+04
3.685000000000000000e+04 5.675100000000000000e+04
4.423800000000000000e+04 4.515800000000000000e+04
3.680500000000000000e+04 6.001600000000000000e+04
3.246300000000000000e+04 4.530100000000000000e+04
5.069100000000000000e+04 5.049900000000000000e+04
3.586600000000000000e+04 5.109100000000000000e+04
5.911800000000000000e+04 6.003900000000000000e+04
1.837800000000000000e+04 5.601100000000000000e+04
8.280000000000000000e+03 5.799700000000000000e+04
3.861100000000000000e+04 4.337000000000000000e+04
1.732600000000000000e+04 5.172000000000000000e+04
5.899000000000000000e+04 4.740200000000000000e+04
3.113000000000000000e+04 4.690900000000000000e+04
3.180200000000000000e+04 4.747600000000000000e+04
3.698200000000000000e+04 4.230600000000000000e+04
1.739500000000000000e+04 5.459600000000000000e+04
5.600000000000000000e+04 4.171000000000000000e+04
6.127200000000000000e+04 5.241000000000000000e+04
4.501900000000000000e+04 4.554900000000000000e+04
5.680500000000000000e+04 3.615900000000000000e+04
5.873000000000000000e+04 4.616700000000000000e+04
5.469100000000000000e+04 4.291800000000000000e+04
5.193600000000000000e+04 4.178400000000000000e+04
5.979600000000000000e+04 3.487400000000000000e+04
1.910800000000000000e+04 6.178200000000000000e+04
3.242600000000000000e+04 5.991900000000000000e+04
2.385500000000000000e+04 4.593100000000000000e+04
5.952000000000000000e+04 5.961800000000000000e+04
6.130300000000000000e+04 4.832600000000000000e+04
9.383000000000000000e+03 6.134000000000000000e+04
1.153600000000000000e+04 4.967300000000000000e+04
2.638700000000000000e+04 5.885400000000000000e+04
3.110900000000000000e+04 4.489200000000000000e+04
6.311900000000000000e+04 4.568800000000000000e+04
6.102000000000000000e+04 5.943000000000000000e+04
3.844900000000000000e+04 4.357200000000000000e+04
2.562900000000000000e+04 5.888600000000000000e+04
2.576000000000000000e+04 5.577600000000000000e+04
9.706000000000000000e+03 4.839900000000000000e+04
4.231000000000000000e+03 5.343200000000000000e+04
4.621100000000000000e+04 4.420600000000000000e+04
5.648700000000000000e+04 6.174700000000000000e+04
1.177600000000000000e+04 6.144800000000000000e+04
1.102200000000000000e+04 5.051500000000000000e+04
5.939700000000000000e+04 4.426700000000000000e+04
1.130600000000000000e+04 6.003500000000000000e+04
6.059700000000000000e+04 4.639900000000000000e+04
3.310800000000000000e+04 4.596400000000000000e+04
4.501500000000000000e+04 4.611000000000000000e+04
6.007900000000000000e+04 5.309900000000000000e+04
6.221700000000000000e+04 4.373400000000000000e+04
4.447800000000000000e+04 4.631500000000000000e+04
3.755600000000000000e+04 4.501400000000000000e+04
2.749300000000000000e+04 5.697400000000000000e+04
3.837100000000000000e+04 5.124200000000000000e+04
3.815700000000000000e+04 4.984800000000000000e+04
1.980300000000000000e+04 6.096800000000000000e+04
3.499600000000000000e+04 3.678200000000000000e+04
6.178200000000000000e+04 4.902800000000000000e+04
3.669000000000000000e+04 4.959100000000000000e+04
3.128400000000000000e+04 6.169700000000000000e+04
2.832700000000000000e+04 6.013800000000000000e+04
1.057900000000000000e+04 5.072900000000000000e+04
2.076500000000000000e+04 6.070900000000000000e+04
3.874900000000000000e+04 4.426200000000000000e+04
2.970700000000000000e+04 4.474900000000000000e+04
1.826100000000000000e+04 6.054700000000000000e+04
2.216800000000000000e+04 4.614200000000000000e+04
3.539800000000000000e+04 5.870000000000000000e+04
2.257500000000000000e+04 4.557600000000000000e+04
5.454300000000000000e+04 4.484300000000000000e+04
5.729000000000000000e+03 5.364300000000000000e+04
2.355400000000000000e+04 4.586300000000000000e+04
3.598800000000000000e+04 5.825100000000000000e+04
4.535600000000000000e+04 4.483400000000000000e+04
4.457700000000000000e+04 4.634500000000000000e+04
3.006800000000000000e+04 6.224500000000000000e+04
5.640600000000000000e+04 3.536200000000000000e+04
5.460200000000000000e+04 5.030900000000000000e+04
5.864400000000000000e+04 5.421800000000000000e+04
3.212600000000000000e+04 6.013500000000000000e+04
1.099100000000000000e+04 4.821100000000000000e+04
3.726400000000000000e+04 4.742200000000000000e+04
1.223600000000000000e+04 5.104300000000000000e+04
5.235100000000000000e+04 4.587600000000000000e+04
5.765200000000000000e+04 3.556300000000000000e+04
1.777700000000000000e+04 5.171100000000000000e+04
2.659000000000000000e+03 5.595900000000000000e+04
2.958900000000000000e+04 4.678600000000000000e+04
4.416300000000000000e+04 4.752600000000000000e+04
1.306300000000000000e+04 5.970000000000000000e+04
1.789200000000000000e+04 5.351200000000000000e+04
9.730000000000000000e+03 6.302600000000000000e+04
4.617900000000000000e+04 4.642100000000000000e+04
2.025900000000000000e+04 6.051100000000000000e+04
5.168300000000000000e+04 4.928300000000000000e+04
2.520100000000000000e+04 5.456500000000000000e+04
2.771500000000000000e+04 5.538700000000000000e+04
5.153600000000000000e+04 5.037800000000000000e+04
6.018500000000000000e+04 4.873800000000000000e+04
1.914400000000000000e+04 6.235800000000000000e+04
5.866500000000000000e+04 5.993200000000000000e+04
6.134700000000000000e+04 5.943200000000000000e+04
4.761000000000000000e+03 5.496900000000000000e+04
5.112500000000000000e+04 5.219600000000000000e+04
5.720700000000000000e+04 6.107800000000000000e+04
5.911000000000000000e+04 6.064800000000000000e+04
5.180800000000000000e+04 4.787500000000000000e+04
3.336100000000000000e+04 4.812100000000000000e+04
6.191700000000000000e+04 4.959000000000000000e+04
1.110900000000000000e+04 4.994400000000000000e+04
8.828000000000000000e+03 5.910200000000000000e+04
3.939500000000000000e+04 4.756000000000000000e+04
1.775100000000000000e+04 5.385900000000000000e+04
3.301400000000000000e+04 4.588600000000000000e+04
1.195500000000000000e+04 5.900600000000000000e+04
5.124300000000000000e+04 4.947100000000000000e+04
3.462200000000000000e+04 3.760400000000000000e+04
4.604200000000000000e+04 4.765900000000000000e+04
3.747900000000000000e+04 6.029200000000000000e+04
2.609100000000000000e+04 5.682100000000000000e+04
6.135300000000000000e+04 5.294900000000000000e+04
1.889200000000000000e+04 6.047500000000000000e+04
4.385100000000000000e+04 4.753300000000000000e+04
3.694400000000000000e+04 3.914800000000000000e+04
3.672500000000000000e+04 3.569700000000000000e+04
3.604900000000000000e+04 5.957600000000000000e+04
2.346200000000000000e+04 5.764200000000000000e+04
3.157800000000000000e+04 6.029600000000000000e+04
5.985600000000000000e+04 5.004100000000000000e+04
9.210000000000000000e+03 5.930900000000000000e+04
4.877000000000000000e+03 5.529100000000000000e+04
1.302000000000000000e+04 5.032900000000000000e+04
3.533800000000000000e+04 5.190000000000000000e+04
1.114900000000000000e+04 5.118800000000000000e+04
1.168100000000000000e+04 5.983200000000000000e+04
6.139600000000000000e+04 4.816800000000000000e+04
2.881000000000000000e+04 5.591400000000000000e+04
6.073400000000000000e+04 4.597600000000000000e+04
3.826700000000000000e+04 4.423900000000000000e+04
2.647000000000000000e+04 5.607800000000000000e+04
3.220900000000000000e+04 4.716700000000000000e+04
5.739800000000000000e+04 4.121700000000000000e+04
5.533500000000000000e+04 4.402300000000000000e+04
2.497000000000000000e+04 5.902300000000000000e+04
6.213000000000000000e+04 4.363800000000000000e+04
2.733100000000000000e+04 5.604100000000000000e+04
5.897600000000000000e+04 4.506000000000000000e+04
4.469800000000000000e+04 4.412900000000000000e+04
4.470400000000000000e+04 4.611100000000000000e+04
1.255900000000000000e+04 5.981900000000000000e+04
3.522800000000000000e+04 3.440900000000000000e+04
4.602100000000000000e+04 4.433100000000000000e+04
5.649000000000000000e+04 3.503400000000000000e+04
3.131200000000000000e+04 6.074200000000000000e+04
5.582500000000000000e+04 4.213900000000000000e+04
1.109100000000000000e+04 6.119500000000000000e+04
3.563600000000000000e+04 3.744300000000000000e+04
1.925700000000000000e+04 6.211800000000000000e+04
4.560000000000000000e+04 4.639500000000000000e+04
3.092700000000000000e+04 6.125800000000000000e+04
1.710800000000000000e+04 5.451500000000000000e+04
5.086200000000000000e+04 4.827700000000000000e+04
2.439200000000000000e+04 5.758900000000000000e+04
3.019800000000000000e+04 4.795100000000000000e+04
4.356000000000000000e+03 5.542300000000000000e+04
5.299400000000000000e+04 4.995800000000000000e+04
5.861100000000000000e+04 5.694400000000000000e+04
1.801500000000000000e+04 6.025800000000000000e+04
1.979700000000000000e+04 6.135900000000000000e+04
4.469100000000000000e+04 4.627600000000000000e+04
1.062200000000000000e+04 5.233400000000000000e+04
5.957300000000000000e+04 5.935800000000000000e+04
3.894500000000000000e+04 5.978700000000000000e+04
5.813400000000000000e+04 5.187700000000000000e+04
3.669000000000000000e+04 3.975400000000000000e+04
2.852600000000000000e+04 5.865900000000000000e+04
5.842700000000000000e+04 3.268300000000000000e+04
5.536100000000000000e+04 6.145000000000000000e+04
3.587600000000000000e+04 4.370000000000000000e+04
2.993400000000000000e+04 4.720000000000000000e+04
3.649000000000000000e+04 4.467500000000000000e+04
2.323000000000000000e+04 4.664300000000000000e+04
3.798800000000000000e+04 5.931200000000000000e+04
5.434100000000000000e+04 4.549200000000000000e+04
1.993000000000000000e+04 6.096200000000000000e+04
5.715400000000000000e+04 3.371200000000000000e+04
5.222100000000000000e+04 4.349000000000000000e+04
3.096000000000000000e+04 6.204700000000000000e+04
3.843700000000000000e+04 5.977400000000000000e+04
5.833600000000000000e+04 5.301400000000000000e+04
2.056000000000000000e+03 5.606100000000000000e+04
1.850200000000000000e+04 6.361400000000000000e+04
5.095200000000000000e+04 4.934600000000000000e+04
3.253400000000000000e+04 6.082700000000000000e+04
1.061600000000000000e+04 6.068300000000000000e+04
2.234100000000000000e+04 4.699800000000000000e+04
5.496300000000000000e+04 4.487500000000000000e+04
5.628500000000000000e+04 4.122100000000000000e+04
5.208000000000000000e+04 4.673200000000000000e+04
9.431000000000000000e+03 6.230000000000000000e+04
3.233300000000000000e+04 6.193300000000000000e+04
6.023500000000000000e+04 5.799600000000000000e+04
4.927000000000000000e+03 5.270100000000000000e+04
5.494300000000000000e+04 4.196600000000000000e+04
1.606700000000000000e+04 5.609400000000000000e+04
3.541600000000000000e+04 5.043300000000000000e+04
4.290400000000000000e+04 4.478500000000000000e+04
3.770300000000000000e+04 5.224100000000000000e+04
1.516500000000000000e+04 5.466700000000000000e+04
2.973500000000000000e+04 4.805500000000000000e+04
2.796000000000000000e+03 5.705200000000000000e+04
1.123900000000000000e+04 5.264700000000000000e+04
3.783600000000000000e+04 4.378100000000000000e+04
3.736500000000000000e+04 5.297600000000000000e+04
5.861300000000000000e+04 5.876200000000000000e+04
2.327200000000000000e+04 4.563300000000000000e+04
3.946200000000000000e+04 5.087800000000000000e+04
4.864000000000000000e+03 5.568000000000000000e+04
3.042000000000000000e+04 4.243500000000000000e+04
5.246000000000000000e+04 4.236600000000000000e+04
5.775300000000000000e+04 5.920300000000000000e+04
4.826600000000000000e+04 4.518400000000000000e+04
4.352400000000000000e+04 4.683600000000000000e+04
5.439300000000000000e+04 4.241600000000000000e+04
5.598400000000000000e+04 4.050100000000000000e+04
3.984600000000000000e+04 4.435900000000000000e+04
5.369700000000000000e+04 4.631100000000000000e+04
5.137700000000000000e+04 4.812300000000000000e+04
2.961800000000000000e+04 6.072400000000000000e+04
3.627100000000000000e+04 4.480900000000000000e+04
3.939800000000000000e+04 6.009900000000000000e+04
2.114700000000000000e+04 4.423500000000000000e+04
2.872900000000000000e+04 6.313900000000000000e+04
3.226400000000000000e+04 4.689400000000000000e+04
5.720000000000000000e+04 3.658000000000000000e+04
1.903800000000000000e+04 6.098300000000000000e+04
5.388000000000000000e+03 5.339200000000000000e+04
9.703000000000000000e+03 5.195800000000000000e+04
5.536600000000000000e+04 3.565000000000000000e+04
6.010900000000000000e+04 4.349500000000000000e+04
5.902600000000000000e+04 4.629200000000000000e+04
2.872800000000000000e+04 6.170200000000000000e+04
2.291200000000000000e+04 4.667100000000000000e+04
3.001900000000000000e+04 5.807100000000000000e+04
3.520000000000000000e+03 5.581800000000000000e+04
2.025700000000000000e+04 6.119600000000000000e+04
2.344100000000000000e+04 4.588600000000000000e+04
5.239300000000000000e+04 4.948600000000000000e+04
2.071400000000000000e+04 4.580500000000000000e+04
1.861700000000000000e+04 5.565600000000000000e+04
5.133300000000000000e+04 4.850200000000000000e+04
1.070400000000000000e+04 5.137100000000000000e+04
5.129400000000000000e+04 4.864800000000000000e+04
3.716000000000000000e+04 4.213200000000000000e+04
3.793300000000000000e+04 4.623500000000000000e+04
4.607100000000000000e+04 5.021800000000000000e+04
1.709300000000000000e+04 5.662000000000000000e+04
4.245000000000000000e+03 5.596500000000000000e+04
5.817700000000000000e+04 3.461000000000000000e+04
3.776000000000000000e+04 4.412800000000000000e+04
1.019800000000000000e+04 5.848800000000000000e+04
3.477900000000000000e+04 6.222100000000000000e+04
3.756600000000000000e+04 5.945600000000000000e+04
3.617200000000000000e+04 3.580600000000000000e+04
5.065100000000000000e+04 4.983800000000000000e+04
5.132700000000000000e+04 4.682900000000000000e+04
3.621900000000000000e+04 5.897400000000000000e+04
3.348600000000000000e+04 5.684500000000000000e+04
1.848000000000000000e+04 5.413700000000000000e+04
4.207000000000000000e+03 5.337600000000000000e+04
3.221800000000000000e+04 6.212200000000000000e+04
3.546200000000000000e+04 6.161400000000000000e+04
2.395400000000000000e+04 4.760100000000000000e+04
2.707000000000000000e+03 5.515500000000000000e+04
3.807000000000000000e+04 5.303700000000000000e+04
1.893400000000000000e+04 6.366100000000000000e+04
3.266000000000000000e+04 5.995800000000000000e+04
1.987100000000000000e+04 6.238100000000000000e+04
6.082000000000000000e+04 5.391900000000000000e+04
4.013400000000000000e+04 5.987200000000000000e+04
4.580600000000000000e+04 4.678500000000000000e+04
4.529800000000000000e+04 4.687600000000000000e+04
2.568900000000000000e+04 5.613500000000000000e+04
3.783000000000000000e+04 5.149600000000000000e+04
5.918000000000000000e+04 4.535900000000000000e+04
5.448300000000000000e+04 4.359400000000000000e+04
3.734600000000000000e+04 4.550800000000000000e+04
5.629900000000000000e+04 3.615800000000000000e+04
4.749000000000000000e+03 5.559300000000000000e+04
6.107500000000000000e+04 4.638000000000000000e+04
4.386900000000000000e+04 4.857100000000000000e+04
1.090400000000000000e+04 5.134200000000000000e+04
2.374600000000000000e+04 4.513500000000000000e+04
9.816000000000000000e+03 5.527200000000000000e+04
4.240900000000000000e+04 4.457800000000000000e+04
3.912800000000000000e+04 4.292800000000000000e+04
3.638900000000000000e+04 3.893900000000000000e+04
4.726000000000000000e+04 4.719300000000000000e+04
3.705300000000000000e+04 5.701000000000000000e+04
3.621600000000000000e+04 6.218200000000000000e+04
3.689400000000000000e+04 4.789100000000000000e+04
6.086800000000000000e+04 5.113400000000000000e+04
3.461700000000000000e+04 5.208900000000000000e+04
5.562800000000000000e+04 3.475700000000000000e+04
5.054800000000000000e+04 4.419900000000000000e+04
6.201000000000000000e+04 5.056300000000000000e+04
5.681800000000000000e+04 6.022700000000000000e+04
1.209000000000000000e+04 5.986900000000000000e+04
1.043400000000000000e+04 6.108600000000000000e+04
4.218200000000000000e+04 4.548100000000000000e+04
2.597900000000000000e+04 5.688800000000000000e+04
2.865700000000000000e+04 5.781200000000000000e+04
4.565200000000000000e+04 4.674600000000000000e+04
6.020400000000000000e+04 4.695500000000000000e+04
1.731800000000000000e+04 5.529200000000000000e+04
3.652400000000000000e+04 4.548900000000000000e+04
3.099700000000000000e+04 4.588900000000000000e+04
4.915400000000000000e+04 4.856500000000000000e+04
9.198000000000000000e+03 5.082600000000000000e+04
2.825000000000000000e+04 5.848200000000000000e+04
2.086800000000000000e+04 5.948800000000000000e+04
4.061000000000000000e+03 5.402400000000000000e+04
3.671400000000000000e+04 4.925100000000000000e+04
2.821200000000000000e+04 5.578300000000000000e+04
2.573800000000000000e+04 5.823500000000000000e+04
1.796900000000000000e+04 6.222800000000000000e+04
4.497700000000000000e+04 4.605000000000000000e+04
5.719600000000000000e+04 4.328400000000000000e+04
5.699300000000000000e+04 3.215800000000000000e+04
1.692800000000000000e+04 5.631800000000000000e+04
1.991200000000000000e+04 6.050200000000000000e+04
3.709400000000000000e+04 4.411900000000000000e+04
1.868000000000000000e+04 6.267400000000000000e+04
3.551800000000000000e+04 5.027000000000000000e+04
2.083200000000000000e+04 5.305100000000000000e+04
3.280100000000000000e+04 3.333300000000000000e+04
4.605000000000000000e+04 4.661000000000000000e+04
2.597000000000000000e+04 5.562100000000000000e+04
3.865300000000000000e+04 4.340200000000000000e+04
5.225600000000000000e+04 4.756300000000000000e+04
3.696700000000000000e+04 5.813500000000000000e+04
3.685900000000000000e+04 4.283200000000000000e+04
5.366000000000000000e+03 5.385600000000000000e+04
3.939700000000000000e+04 3.937400000000000000e+04
5.338600000000000000e+04 3.755400000000000000e+04
3.903600000000000000e+04 4.600900000000000000e+04
6.153000000000000000e+04 4.615900000000000000e+04
6.158900000000000000e+04 4.844600000000000000e+04
1.659100000000000000e+04 6.056000000000000000e+04
2.041700000000000000e+04 5.656800000000000000e+04
5.030700000000000000e+04 5.108200000000000000e+04
6.046000000000000000e+03 5.549700000000000000e+04
3.576800000000000000e+04 3.385000000000000000e+04
5.824400000000000000e+04 4.599200000000000000e+04
3.652800000000000000e+04 3.606100000000000000e+04
3.114200000000000000e+04 5.960000000000000000e+04
6.326100000000000000e+04 4.581900000000000000e+04
4.025500000000000000e+04 4.480000000000000000e+04
1.853600000000000000e+04 5.516900000000000000e+04
5.417900000000000000e+04 4.558800000000000000e+04
1.871700000000000000e+04 5.259800000000000000e+04
1.020000000000000000e+04 6.216600000000000000e+04
3.913900000000000000e+04 4.372500000000000000e+04
5.893300000000000000e+04 5.389000000000000000e+04
1.870900000000000000e+04 6.157800000000000000e+04
3.887000000000000000e+04 4.445900000000000000e+04
1.045700000000000000e+04 6.125700000000000000e+04
1.671400000000000000e+04 5.143800000000000000e+04
3.103200000000000000e+04 4.515200000000000000e+04
2.821200000000000000e+04 5.615900000000000000e+04
6.058600000000000000e+04 4.898600000000000000e+04
3.257900000000000000e+04 6.223100000000000000e+04
6.067900000000000000e+04 5.089400000000000000e+04
5.821300000000000000e+04 6.112400000000000000e+04
5.731600000000000000e+04 5.155700000000000000e+04
3.061900000000000000e+04 6.051400000000000000e+04
3.818100000000000000e+04 5.780200000000000000e+04
5.690700000000000000e+04 3.707900000000000000e+04
1.892900000000000000e+04 5.962100000000000000e+04
5.949500000000000000e+04 4.740900000000000000e+04
1.033400000000000000e+04 6.093700000000000000e+04
1.987100000000000000e+04 6.231200000000000000e+04
1.157900000000000000e+04 5.861700000000000000e+04
3.669200000000000000e+04 4.315700000000000000e+04
2.614900000000000000e+04 6.013500000000000000e+04
4.552700000000000000e+04 4.280300000000000000e+04
3.669600000000000000e+04 5.919800000000000000e+04
6.216900000000000000e+04 5.191600000000000000e+04
2.165700000000000000e+04 4.577900000000000000e+04
6.120100000000000000e+04 4.563500000000000000e+04
5.859000000000000000e+04 5.952500000000000000e+04
5.669300000000000000e+04 5.877400000000000000e+04
5.815800000000000000e+04 5.856200000000000000e+04
4.575500000000000000e+04 4.602400000000000000e+04
4.159000000000000000e+03 5.403500000000000000e+04
9.049000000000000000e+03 5.937000000000000000e+04
5.506200000000000000e+04 4.452100000000000000e+04
3.779000000000000000e+04 3.799900000000000000e+04
2.205000000000000000e+04 4.595400000000000000e+04
4.432400000000000000e+04 4.487900000000000000e+04
3.856600000000000000e+04 5.939000000000000000e+04
2.991600000000000000e+04 6.012500000000000000e+04
3.726800000000000000e+04 5.311000000000000000e+04
4.094100000000000000e+04 4.384400000000000000e+04
9.592000000000000000e+03 5.026200000000000000e+04
5.324200000000000000e+04 5.147300000000000000e+04
8.842000000000000000e+03 5.026100000000000000e+04
5.992200000000000000e+04 5.278600000000000000e+04
3.687400000000000000e+04 3.595000000000000000e+04
6.013500000000000000e+04 4.659200000000000000e+04
3.572100000000000000e+04 3.622900000000000000e+04
6.298200000000000000e+04 4.531400000000000000e+04
1.848800000000000000e+04 5.621200000000000000e+04
3.589000000000000000e+03 5.339300000000000000e+04
5.862400000000000000e+04 5.874800000000000000e+04
5.654100000000000000e+04 3.571900000000000000e+04
3.594000000000000000e+03 5.360900000000000000e+04
3.585100000000000000e+04 3.914200000000000000e+04
6.290600000000000000e+04 4.519700000000000000e+04
6.229700000000000000e+04 5.230000000000000000e+04
4.002800000000000000e+04 4.493000000000000000e+04
2.803300000000000000e+04 5.472700000000000000e+04
5.655400000000000000e+04 3.430900000000000000e+04
3.586100000000000000e+04 4.565300000000000000e+04
5.269400000000000000e+04 4.275000000000000000e+04
1.702300000000000000e+04 5.255400000000000000e+04
1.106000000000000000e+04 5.023400000000000000e+04
3.086300000000000000e+04 4.726700000000000000e+04
1.163900000000000000e+04 5.014600000000000000e+04
1.164000000000000000e+04 5.025700000000000000e+04
2.035800000000000000e+04 5.354000000000000000e+04
5.397300000000000000e+04 4.411200000000000000e+04
2.326000000000000000e+03 5.387900000000000000e+04
9.454000000000000000e+03 5.116500000000000000e+04
3.190500000000000000e+04 4.682000000000000000e+04
2.617400000000000000e+04 5.705800000000000000e+04
5.684400000000000000e+04 3.498500000000000000e+04
2.369200000000000000e+04 4.432500000000000000e+04
2.604300000000000000e+04 5.570500000000000000e+04
5.865600000000000000e+04 4.784100000000000000e+04
5.937000000000000000e+04 4.856600000000000000e+04
3.561200000000000000e+04 3.581900000000000000e+04
3.216700000000000000e+04 3.998700000000000000e+04
1.139600000000000000e+04 5.323200000000000000e+04
2.248500000000000000e+04 4.816100000000000000e+04
3.661900000000000000e+04 4.668200000000000000e+04
5.934500000000000000e+04 5.345100000000000000e+04
5.893800000000000000e+04 4.681900000000000000e+04
6.021200000000000000e+04 5.686700000000000000e+04
1.019100000000000000e+04 4.924300000000000000e+04
5.522700000000000000e+04 4.420600000000000000e+04
5.956600000000000000e+04 5.345200000000000000e+04
5.916500000000000000e+04 5.968700000000000000e+04
3.499000000000000000e+03 5.520600000000000000e+04
3.937900000000000000e+04 4.416400000000000000e+04
1.320600000000000000e+04 6.246500000000000000e+04
5.074500000000000000e+04 5.122100000000000000e+04
9.243000000000000000e+03 5.366400000000000000e+04
5.330000000000000000e+04 4.998100000000000000e+04
2.924600000000000000e+04 4.647900000000000000e+04
3.712000000000000000e+04 5.049900000000000000e+04
6.144700000000000000e+04 5.166100000000000000e+04
5.550700000000000000e+04 3.906900000000000000e+04
3.403900000000000000e+04 4.858100000000000000e+04
3.186600000000000000e+04 6.109900000000000000e+04
4.185100000000000000e+04 4.404700000000000000e+04
1.557900000000000000e+04 5.427500000000000000e+04
1.610400000000000000e+04 5.656500000000000000e+04
2.021700000000000000e+04 6.344200000000000000e+04
3.527500000000000000e+04 5.084800000000000000e+04
1.539600000000000000e+04 5.310500000000000000e+04
6.046100000000000000e+04 4.673800000000000000e+04
3.090800000000000000e+04 6.136400000000000000e+04
6.070700000000000000e+04 4.605800000000000000e+04
5.767200000000000000e+04 3.490900000000000000e+04
3.631900000000000000e+04 5.202900000000000000e+04
5.869000000000000000e+04 3.861900000000000000e+04
4.382000000000000000e+03 5.306700000000000000e+04
1.652700000000000000e+04 5.332300000000000000e+04
6.259200000000000000e+04 5.409900000000000000e+04
3.549200000000000000e+04 5.836000000000000000e+04
6.079300000000000000e+04 5.053200000000000000e+04
3.062700000000000000e+04 4.445400000000000000e+04
2.207100000000000000e+04 6.123600000000000000e+04
1.021000000000000000e+04 5.872300000000000000e+04
2.951300000000000000e+04 4.463300000000000000e+04
1.065300000000000000e+04 5.104800000000000000e+04
2.015100000000000000e+04 6.225200000000000000e+04
1.189700000000000000e+04 4.985600000000000000e+04
2.782100000000000000e+04 5.667200000000000000e+04
3.475100000000000000e+04 4.938700000000000000e+04
2.030700000000000000e+04 4.658900000000000000e+04
2.943600000000000000e+04 6.095600000000000000e+04
3.630800000000000000e+04 6.031200000000000000e+04
3.726900000000000000e+04 5.792000000000000000e+04
5.617000000000000000e+03 5.566000000000000000e+04
2.651200000000000000e+04 5.872300000000000000e+04
3.115400000000000000e+04 4.590800000000000000e+04
1.072200000000000000e+04 6.154400000000000000e+04
1.390900000000000000e+04 5.333700000000000000e+04
5.262000000000000000e+04 4.720800000000000000e+04
1.118700000000000000e+04 5.884300000000000000e+04
5.639600000000000000e+04 3.725500000000000000e+04
5.871800000000000000e+04 4.951400000000000000e+04
5.013900000000000000e+04 4.824000000000000000e+04
2.927200000000000000e+04 5.918300000000000000e+04
5.901400000000000000e+04 4.681300000000000000e+04
8.422000000000000000e+03 5.267900000000000000e+04
5.332200000000000000e+04 4.912900000000000000e+04
5.674500000000000000e+04 5.963200000000000000e+04
5.108900000000000000e+04 4.885500000000000000e+04
2.680700000000000000e+04 6.131900000000000000e+04
7.906000000000000000e+03 5.029900000000000000e+04
2.107200000000000000e+04 6.359700000000000000e+04
5.940400000000000000e+04 3.284500000000000000e+04
3.199100000000000000e+04 4.425500000000000000e+04
3.656700000000000000e+04 4.543800000000000000e+04
3.258300000000000000e+04 6.109300000000000000e+04
1.679800000000000000e+04 5.413500000000000000e+04
3.762600000000000000e+04 4.352000000000000000e+04
3.836500000000000000e+04 4.529000000000000000e+04
6.348900000000000000e+04 4.406300000000000000e+04
2.991200000000000000e+04 4.643000000000000000e+04
5.584200000000000000e+04 3.613600000000000000e+04
5.571000000000000000e+04 4.421900000000000000e+04
6.260000000000000000e+04 4.567200000000000000e+04
5.023000000000000000e+04 4.905500000000000000e+04
3.474800000000000000e+04 5.107500000000000000e+04
4.731000000000000000e+03 5.423800000000000000e+04
3.463700000000000000e+04 5.766500000000000000e+04
3.120400000000000000e+04 5.911200000000000000e+04
2.443800000000000000e+04 4.527800000000000000e+04
2.627500000000000000e+04 5.659000000000000000e+04
5.966800000000000000e+04 6.089700000000000000e+04
4.471900000000000000e+04 4.710800000000000000e+04
1.269700000000000000e+04 5.221600000000000000e+04
8.957000000000000000e+03 6.119100000000000000e+04
5.632200000000000000e+04 5.933500000000000000e+04
1.713600000000000000e+04 5.361800000000000000e+04
7.951000000000000000e+03 5.943200000000000000e+04
9.862000000000000000e+03 5.308500000000000000e+04
5.924700000000000000e+04 4.397600000000000000e+04
1.325200000000000000e+04 6.202100000000000000e+04
6.006900000000000000e+04 5.811300000000000000e+04
2.712800000000000000e+04 5.440700000000000000e+04
1.093000000000000000e+04 6.032200000000000000e+04
5.661100000000000000e+04 3.405700000000000000e+04
6.023500000000000000e+04 5.200700000000000000e+04
5.598300000000000000e+04 4.264400000000000000e+04
1.983800000000000000e+04 5.912200000000000000e+04
4.368200000000000000e+04 4.755000000000000000e+04
3.661100000000000000e+04 4.330800000000000000e+04
2.189900000000000000e+04 6.123700000000000000e+04
2.781800000000000000e+04 4.687800000000000000e+04
5.921400000000000000e+04 5.836100000000000000e+04
5.904000000000000000e+04 5.495000000000000000e+04
5.012800000000000000e+04 5.011700000000000000e+04
9.893000000000000000e+03 5.958600000000000000e+04
2.492900000000000000e+04 4.386800000000000000e+04
6.267000000000000000e+03 5.709800000000000000e+04
2.719600000000000000e+04 5.944400000000000000e+04
1.145000000000000000e+04 5.251000000000000000e+04
3.461400000000000000e+04 3.659500000000000000e+04
6.107300000000000000e+04 5.980700000000000000e+04
1.254600000000000000e+04 6.049900000000000000e+04
2.967900000000000000e+04 4.630100000000000000e+04
3.789100000000000000e+04 5.989200000000000000e+04
3.507600000000000000e+04 3.533100000000000000e+04
9.171000000000000000e+03 5.038600000000000000e+04
2.877200000000000000e+04 5.727300000000000000e+04
5.756200000000000000e+04 5.784700000000000000e+04
6.044300000000000000e+04 5.312800000000000000e+04
1.000200000000000000e+04 6.139900000000000000e+04
5.291300000000000000e+04 4.415600000000000000e+04
5.843900000000000000e+04 6.160500000000000000e+04
1.279100000000000000e+04 5.042600000000000000e+04
5.759000000000000000e+03 5.502800000000000000e+04
2.519600000000000000e+04 5.520300000000000000e+04
3.162700000000000000e+04 6.109000000000000000e+04
5.065000000000000000e+03 5.706900000000000000e+04
2.073700000000000000e+04 6.101900000000000000e+04
1.076600000000000000e+04 5.158500000000000000e+04
3.709900000000000000e+04 3.858800000000000000e+04
1.994300000000000000e+04 6.310800000000000000e+04
2.218400000000000000e+04 4.424900000000000000e+04
4.524000000000000000e+03 5.622600000000000000e+04
5.669100000000000000e+04 5.949100000000000000e+04
4.446000000000000000e+04 4.639600000000000000e+04
5.972200000000000000e+04 5.983000000000000000e+04
4.479300000000000000e+04 4.789500000000000000e+04
3.796900000000000000e+04 4.411600000000000000e+04
3.489300000000000000e+04 5.001100000000000000e+04
2.473300000000000000e+04 5.620100000000000000e+04
1.880400000000000000e+04 6.252600000000000000e+04
2.591600000000000000e+04 5.410600000000000000e+04
3.870600000000000000e+04 5.703700000000000000e+04
1.095000000000000000e+04 5.760000000000000000e+04
1.058000000000000000e+04 5.155300000000000000e+04
2.649000000000000000e+04 5.807400000000000000e+04
2.045800000000000000e+04 4.532900000000000000e+04
5.135400000000000000e+04 4.685300000000000000e+04
5.930900000000000000e+04 5.368900000000000000e+04
2.582200000000000000e+04 4.822000000000000000e+04
5.519100000000000000e+04 4.212700000000000000e+04
1.547600000000000000e+04 5.504000000000000000e+04
3.987200000000000000e+04 5.848100000000000000e+04
5.216400000000000000e+04 4.265000000000000000e+04
5.984000000000000000e+03 5.578500000000000000e+04
3.616400000000000000e+04 3.612500000000000000e+04
3.600000000000000000e+03 5.379100000000000000e+04
6.110500000000000000e+04 4.964700000000000000e+04
1.053600000000000000e+04 6.243400000000000000e+04
3.684700000000000000e+04 5.356900000000000000e+04
1.498000000000000000e+04 5.390400000000000000e+04
2.431600000000000000e+04 4.545300000000000000e+04
5.691000000000000000e+04 6.119400000000000000e+04
5.962600000000000000e+04 5.242400000000000000e+04
6.195400000000000000e+04 4.590700000000000000e+04
5.566500000000000000e+04 4.410000000000000000e+04
3.788900000000000000e+04 4.298500000000000000e+04
3.455300000000000000e+04 5.938200000000000000e+04
5.459400000000000000e+04 4.434500000000000000e+04
5.913800000000000000e+04 6.040100000000000000e+04
1.840600000000000000e+04 5.811600000000000000e+04
5.134400000000000000e+04 4.863100000000000000e+04
5.656900000000000000e+04 4.402200000000000000e+04
5.310600000000000000e+04 4.277100000000000000e+04
1.810100000000000000e+04 5.987900000000000000e+04
6.112900000000000000e+04 5.286700000000000000e+04
5.917700000000000000e+04 5.289400000000000000e+04
3.473600000000000000e+04 4.818200000000000000e+04
