3.100000000000000000e+03 2.505000000000000000e+03
3.373000000000000000e+03 2.779000000000000000e+03
1.803000000000000000e+03 2.801000000000000000e+03
1.878000000000000000e+03 2.615000000000000000e+03
2.044000000000000000e+03 2.422000000000000000e+03
2.084000000000000000e+03 2.350000000000000000e+03
1.991000000000000000e+03 2.163000000000000000e+03
3.002000000000000000e+03 2.612000000000000000e+03
3.368000000000000000e+03 2.482000000000000000e+03
1.902000000000000000e+03 2.052000000000000000e+03
2.136000000000000000e+03 2.382000000000000000e+03
2.053000000000000000e+03 2.305000000000000000e+03
3.206000000000000000e+03 2.093000000000000000e+03
3.238000000000000000e+03 2.129000000000000000e+03
3.170000000000000000e+03 2.097000000000000000e+03
1.803000000000000000e+03 2.213000000000000000e+03
1.865000000000000000e+03 2.507000000000000000e+03
2.166000000000000000e+03 2.320000000000000000e+03
2.186000000000000000e+03 2.306000000000000000e+03
1.865000000000000000e+03 2.071000000000000000e+03
3.200000000000000000e+03 2.170000000000000000e+03
2.171000000000000000e+03 2.353000000000000000e+03
3.168000000000000000e+03 2.045000000000000000e+03
3.130000000000000000e+03 2.184000000000000000e+03
3.266000000000000000e+03 2.437000000000000000e+03
3.235000000000000000e+03 2.242000000000000000e+03
2.124000000000000000e+03 2.393000000000000000e+03
1.934000000000000000e+03 2.631000000000000000e+03
3.175000000000000000e+03 2.146000000000000000e+03
3.200000000000000000e+03 2.259000000000000000e+03
2.062000000000000000e+03 2.348000000000000000e+03
1.825000000000000000e+03 2.114000000000000000e+03
3.167000000000000000e+03 2.186000000000000000e+03
1.665000000000000000e+03 2.333000000000000000e+03
3.367000000000000000e+03 2.641000000000000000e+03
3.209000000000000000e+03 2.099000000000000000e+03
2.140000000000000000e+03 2.382000000000000000e+03
1.797000000000000000e+03 2.532000000000000000e+03
3.177000000000000000e+03 2.193000000000000000e+03
2.199000000000000000e+03 2.427000000000000000e+03
1.892000000000000000e+03 2.715000000000000000e+03
2.017000000000000000e+03 2.267000000000000000e+03
3.186000000000000000e+03 2.529000000000000000e+03
1.783000000000000000e+03 2.131000000000000000e+03
3.143000000000000000e+03 2.640000000000000000e+03
1.925000000000000000e+03 2.444000000000000000e+03
1.802000000000000000e+03 2.573000000000000000e+03
3.221000000000000000e+03 2.648000000000000000e+03
1.850000000000000000e+03 1.973000000000000000e+03
1.851000000000000000e+03 2.477000000000000000e+03
1.939000000000000000e+03 2.612000000000000000e+03
1.978000000000000000e+03 2.120000000000000000e+03
2.093000000000000000e+03 2.467000000000000000e+03
1.845000000000000000e+03 2.446000000000000000e+03
1.810000000000000000e+03 2.258000000000000000e+03
3.237000000000000000e+03 2.561000000000000000e+03
2.008000000000000000e+03 2.572000000000000000e+03
3.342000000000000000e+03 2.593000000000000000e+03
2.085000000000000000e+03 2.348000000000000000e+03
3.139000000000000000e+03 2.565000000000000000e+03
