6.496780000000000000e+05 1.614590000000000000e+05
5.650350000000000000e+05 4.079360000000000000e+05
2.717020000000000000e+05 7.539730000000000000e+05
7.622570000000000000e+05 2.046720000000000000e+05
3.846090000000000000e+05 5.401200000000000000e+04
4.381570000000000000e+05 6.124200000000000000e+05
8.151090000000000000e+05 6.450440000000000000e+05
7.836200000000000000e+05 8.297650000000000000e+05
5.735420000000000000e+05 2.283660000000000000e+05
5.996300000000000000e+05 6.801970000000000000e+05
7.857280000000000000e+05 1.985470000000000000e+05
2.034240000000000000e+05 1.551500000000000000e+05
1.674540000000000000e+05 2.122230000000000000e+05
4.766090000000000000e+05 8.963300000000000000e+05
8.156710000000000000e+05 2.200310000000000000e+05
6.420610000000000000e+05 7.030800000000000000e+05
2.201770000000000000e+05 2.216740000000000000e+05
4.486010000000000000e+05 6.196500000000000000e+05
2.538040000000000000e+05 7.425420000000000000e+05
5.610300000000000000e+05 4.390500000000000000e+05
5.381910000000000000e+05 9.322120000000000000e+05
6.333040000000000000e+05 7.547990000000000000e+05
3.150200000000000000e+05 1.362750000000000000e+05
2.191480000000000000e+05 6.716080000000000000e+05
5.425530000000000000e+05 2.226430000000000000e+05
3.353310000000000000e+05 8.187330000000000000e+05
3.178790000000000000e+05 1.742920000000000000e+05
1.650980000000000000e+05 2.353530000000000000e+05
2.202360000000000000e+05 6.961900000000000000e+05
5.445040000000000000e+05 4.351050000000000000e+05
2.554530000000000000e+05 7.419230000000000000e+05
6.356030000000000000e+05 2.580290000000000000e+05
7.821720000000000000e+05 2.107800000000000000e+05
6.687550000000000000e+05 9.902000000000000000e+04
7.524310000000000000e+05 4.744010000000000000e+05
2.602460000000000000e+05 7.441480000000000000e+05
7.816010000000000000e+05 8.084910000000000000e+05
6.442990000000000000e+05 7.204670000000000000e+05
1.678730000000000000e+05 2.520580000000000000e+05
4.403420000000000000e+05 6.409700000000000000e+05
4.313540000000000000e+05 6.373540000000000000e+05
8.410880000000000000e+05 6.419130000000000000e+05
8.110770000000000000e+05 2.670300000000000000e+05
4.479200000000000000e+05 5.602150000000000000e+05
6.674790000000000000e+05 6.794790000000000000e+05
3.557380000000000000e+05 1.671840000000000000e+05
5.968860000000000000e+05 4.063230000000000000e+05
7.114410000000000000e+05 1.510280000000000000e+05
8.688950000000000000e+05 6.048010000000000000e+05
2.617770000000000000e+05 4.495120000000000000e+05
4.441540000000000000e+05 6.145000000000000000e+05
5.999020000000000000e+05 3.444420000000000000e+05
5.835600000000000000e+05 1.779620000000000000e+05
7.323110000000000000e+05 1.436310000000000000e+05
5.331270000000000000e+05 9.165390000000000000e+05
3.731550000000000000e+05 3.480250000000000000e+05
6.299330000000000000e+05 1.770810000000000000e+05
2.000130000000000000e+05 4.816180000000000000e+05
8.267400000000000000e+05 6.171000000000000000e+05
5.424140000000000000e+05 3.234450000000000000e+05
1.875970000000000000e+05 4.339630000000000000e+05
4.874660000000000000e+05 4.040350000000000000e+05
4.880780000000000000e+05 3.864850000000000000e+05
4.676520000000000000e+05 8.245380000000000000e+05
4.452320000000000000e+05 6.130510000000000000e+05
4.359030000000000000e+05 6.078850000000000000e+05
7.063910000000000000e+05 1.755490000000000000e+05
8.065820000000000000e+05 1.203490000000000000e+05
5.621750000000000000e+05 8.509370000000000000e+05
3.117580000000000000e+05 2.522870000000000000e+05
5.170420000000000000e+05 4.333200000000000000e+05
2.040850000000000000e+05 1.816870000000000000e+05
8.302830000000000000e+05 2.618670000000000000e+05
2.549960000000000000e+05 7.186030000000000000e+05
2.102040000000000000e+05 5.255980000000000000e+05
3.869880000000000000e+05 3.661810000000000000e+05
8.191650000000000000e+05 8.106160000000000000e+05
8.402860000000000000e+05 2.270160000000000000e+05
3.303820000000000000e+05 1.539770000000000000e+05
7.954780000000000000e+05 6.530180000000000000e+05
8.962580000000000000e+05 7.072050000000000000e+05
5.284210000000000000e+05 4.496090000000000000e+05
8.949430000000000000e+05 6.352330000000000000e+05
4.437140000000000000e+05 6.304940000000000000e+05
3.659400000000000000e+05 3.821620000000000000e+05
8.258020000000000000e+05 6.388940000000000000e+05
8.189640000000000000e+05 8.019250000000000000e+05
1.374150000000000000e+05 2.600850000000000000e+05
3.770980000000000000e+05 3.477540000000000000e+05
6.840740000000000000e+05 1.609440000000000000e+05
7.622200000000000000e+05 2.014890000000000000e+05
8.233640000000000000e+05 6.208700000000000000e+05
8.323230000000000000e+05 6.243530000000000000e+05
1.933210000000000000e+05 5.667010000000000000e+05
6.895500000000000000e+05 1.576740000000000000e+05
7.718570000000000000e+05 7.937470000000000000e+05
9.981300000000000000e+04 4.280220000000000000e+05
3.857650000000000000e+05 3.933840000000000000e+05
4.017360000000000000e+05 2.013870000000000000e+05
6.575860000000000000e+05 7.243720000000000000e+05
8.388110000000000000e+05 2.244350000000000000e+05
6.934380000000000000e+05 1.964530000000000000e+05
3.908310000000000000e+05 4.232230000000000000e+05
1.987500000000000000e+05 4.803030000000000000e+05
2.572540000000000000e+05 7.430800000000000000e+05
5.732230000000000000e+05 2.566790000000000000e+05
4.636090000000000000e+05 5.944470000000000000e+05
7.345870000000000000e+05 4.940870000000000000e+05
6.679740000000000000e+05 1.755470000000000000e+05
6.404070000000000000e+05 6.993320000000000000e+05
7.582390000000000000e+05 8.117900000000000000e+05
4.433940000000000000e+05 6.005020000000000000e+05
5.165730000000000000e+05 8.207160000000000000e+05
3.570000000000000000e+05 4.217530000000000000e+05
6.157300000000000000e+05 8.972140000000000000e+05
6.742030000000000000e+05 7.230600000000000000e+05
8.419250000000000000e+05 3.466040000000000000e+05
4.601030000000000000e+05 5.370110000000000000e+05
6.482440000000000000e+05 7.576520000000000000e+05
2.501530000000000000e+05 7.051490000000000000e+05
5.613780000000000000e+05 2.483890000000000000e+05
6.981860000000000000e+05 1.111020000000000000e+05
7.455010000000000000e+05 4.908100000000000000e+05
6.557930000000000000e+05 7.057940000000000000e+05
8.927460000000000000e+05 5.648420000000000000e+05
5.396840000000000000e+05 2.614040000000000000e+05
4.765690000000000000e+05 8.818670000000000000e+05
7.869350000000000000e+05 7.917320000000000000e+05
8.089180000000000000e+05 2.406730000000000000e+05
4.286800000000000000e+05 6.394060000000000000e+05
3.309880000000000000e+05 8.697500000000000000e+04
6.064570000000000000e+05 1.780660000000000000e+05
7.450330000000000000e+05 4.916060000000000000e+05
7.402620000000000000e+05 4.549550000000000000e+05
6.986370000000000000e+05 4.794090000000000000e+05
8.189020000000000000e+05 6.501550000000000000e+05
3.072810000000000000e+05 7.628110000000000000e+05
7.573420000000000000e+05 1.354910000000000000e+05
3.485030000000000000e+05 3.883280000000000000e+05
3.805260000000000000e+05 4.019700000000000000e+05
4.772780000000000000e+05 8.774470000000000000e+05
4.922190000000000000e+05 1.762200000000000000e+05
1.573610000000000000e+05 2.366550000000000000e+05
4.036450000000000000e+05 8.714860000000000000e+05
7.421290000000000000e+05 4.897090000000000000e+05
7.467130000000000000e+05 5.018920000000000000e+05
8.468300000000000000e+05 6.417040000000000000e+05
2.142880000000000000e+05 5.138970000000000000e+05
1.124510000000000000e+05 1.733370000000000000e+05
7.835300000000000000e+04 2.414790000000000000e+05
2.541160000000000000e+05 7.482230000000000000e+05
8.619500000000000000e+04 2.869680000000000000e+05
4.659920000000000000e+05 4.277320000000000000e+05
7.480300000000000000e+05 4.710590000000000000e+05
8.512420000000000000e+05 6.306150000000000000e+05
3.714740000000000000e+05 1.624770000000000000e+05
4.444810000000000000e+05 6.112600000000000000e+05
3.693190000000000000e+05 3.931670000000000000e+05
7.197280000000000000e+05 5.080530000000000000e+05
3.651880000000000000e+05 1.291860000000000000e+05
2.045010000000000000e+05 4.864920000000000000e+05
6.766920000000000000e+05 1.884930000000000000e+05
5.142840000000000000e+05 8.614530000000000000e+05
2.581910000000000000e+05 7.195170000000000000e+05
4.873730000000000000e+05 8.465700000000000000e+05
4.401350000000000000e+05 6.468710000000000000e+05
8.650850000000000000e+05 7.777860000000000000e+05
3.379580000000000000e+05 7.989630000000000000e+05
7.809310000000000000e+05 4.763480000000000000e+05
3.756710000000000000e+05 4.225340000000000000e+05
7.779520000000000000e+05 2.271750000000000000e+05
8.019650000000000000e+05 2.077900000000000000e+05
5.436390000000000000e+05 2.428360000000000000e+05
7.653910000000000000e+05 2.381540000000000000e+05
6.445380000000000000e+05 7.197070000000000000e+05
4.598890000000000000e+05 3.785120000000000000e+05
7.880630000000000000e+05 6.400660000000000000e+05
6.357430000000000000e+05 7.001640000000000000e+05
4.033940000000000000e+05 7.777480000000000000e+05
4.938750000000000000e+05 9.102460000000000000e+05
4.267030000000000000e+05 3.079190000000000000e+05
1.573600000000000000e+05 2.332580000000000000e+05
8.406030000000000000e+05 6.394210000000000000e+05
6.047910000000000000e+05 2.562060000000000000e+05
5.611770000000000000e+05 2.474560000000000000e+05
6.433260000000000000e+05 6.677540000000000000e+05
4.766250000000000000e+05 8.888780000000000000e+05
4.194440000000000000e+05 9.010600000000000000e+04
7.417800000000000000e+05 1.719300000000000000e+05
3.330780000000000000e+05 1.483910000000000000e+05
1.748020000000000000e+05 3.214580000000000000e+05
1.849090000000000000e+05 2.107540000000000000e+05
2.236030000000000000e+05 5.483560000000000000e+05
2.410200000000000000e+05 7.605960000000000000e+05
5.682480000000000000e+05 2.113150000000000000e+05
5.248640000000000000e+05 5.244650000000000000e+05
8.482000000000000000e+05 8.040710000000000000e+05
7.661950000000000000e+05 5.258510000000000000e+05
7.725860000000000000e+05 1.239350000000000000e+05
2.156920000000000000e+05 5.278080000000000000e+05
4.306540000000000000e+05 6.247670000000000000e+05
4.037730000000000000e+05 1.823810000000000000e+05
2.513710000000000000e+05 7.866510000000000000e+05
3.716020000000000000e+05 3.913060000000000000e+05
6.798360000000000000e+05 1.490440000000000000e+05
8.013990000000000000e+05 8.123910000000000000e+05
6.873470000000000000e+05 1.489590000000000000e+05
6.020970000000000000e+05 2.932080000000000000e+05
8.568350000000000000e+05 2.893410000000000000e+05
5.359470000000000000e+05 4.449240000000000000e+05
1.877980000000000000e+05 3.030300000000000000e+05
1.962190000000000000e+05 5.461450000000000000e+05
7.926970000000000000e+05 2.266420000000000000e+05
7.668810000000000000e+05 2.461190000000000000e+05
2.606310000000000000e+05 6.854460000000000000e+05
5.048640000000000000e+05 9.347010000000000000e+05
5.365630000000000000e+05 3.920080000000000000e+05
8.418560000000000000e+05 2.495380000000000000e+05
4.912380000000000000e+05 4.778380000000000000e+05
8.398170000000000000e+05 6.571400000000000000e+05
8.544340000000000000e+05 1.822730000000000000e+05
7.518270000000000000e+05 5.065450000000000000e+05
2.156150000000000000e+05 5.650320000000000000e+05
8.323590000000000000e+05 7.811950000000000000e+05
5.902190000000000000e+05 6.375550000000000000e+05
3.543270000000000000e+05 4.378000000000000000e+05
8.861440000000000000e+05 5.660020000000000000e+05
7.149900000000000000e+05 1.764250000000000000e+05
5.294250000000000000e+05 2.558760000000000000e+05
2.714270000000000000e+05 7.597850000000000000e+05
7.026000000000000000e+05 1.905650000000000000e+05
8.198930000000000000e+05 6.469190000000000000e+05
2.399760000000000000e+05 8.338890000000000000e+05
8.064250000000000000e+05 6.290190000000000000e+05
7.455110000000000000e+05 4.642000000000000000e+05
5.755480000000000000e+05 4.037600000000000000e+05
1.680040000000000000e+05 5.490800000000000000e+05
5.235630000000000000e+05 8.666470000000000000e+05
4.627430000000000000e+05 6.072520000000000000e+05
7.654060000000000000e+05 4.828690000000000000e+05
6.846150000000000000e+05 1.500660000000000000e+05
6.004020000000000000e+05 7.164900000000000000e+05
7.927000000000000000e+05 8.263860000000000000e+05
6.796210000000000000e+05 1.525800000000000000e+05
1.090190000000000000e+05 2.768370000000000000e+05
8.011130000000000000e+05 6.317280000000000000e+05
5.309760000000000000e+05 5.104000000000000000e+05
5.603980000000000000e+05 8.585970000000000000e+05
8.850600000000000000e+04 5.027970000000000000e+05
7.829530000000000000e+05 2.073700000000000000e+05
2.114220000000000000e+05 4.927990000000000000e+05
3.896920000000000000e+05 3.972930000000000000e+05
4.343980000000000000e+05 1.676200000000000000e+05
5.798130000000000000e+05 4.315200000000000000e+05
2.156750000000000000e+05 1.818030000000000000e+05
2.825320000000000000e+05 4.040290000000000000e+05
4.009520000000000000e+05 1.382410000000000000e+05
7.825210000000000000e+05 7.826910000000000000e+05
1.634780000000000000e+05 2.068060000000000000e+05
7.974100000000000000e+05 7.922970000000000000e+05
7.771230000000000000e+05 2.551310000000000000e+05
2.321840000000000000e+05 4.853410000000000000e+05
1.527980000000000000e+05 2.424670000000000000e+05
6.073660000000000000e+05 7.942110000000000000e+05
1.404790000000000000e+05 2.499110000000000000e+05
8.170130000000000000e+05 7.944120000000000000e+05
1.123250000000000000e+05 2.861660000000000000e+05
8.490980000000000000e+05 7.865550000000000000e+05
4.389180000000000000e+05 6.191340000000000000e+05
9.245400000000000000e+04 2.525820000000000000e+05
5.023510000000000000e+05 8.637790000000000000e+05
3.811680000000000000e+05 1.714730000000000000e+05
4.436670000000000000e+05 6.104620000000000000e+05
6.893870000000000000e+05 7.321930000000000000e+05
7.453920000000000000e+05 4.900920000000000000e+05
5.915340000000000000e+05 7.834410000000000000e+05
4.042160000000000000e+05 1.118000000000000000e+05
5.698080000000000000e+05 3.852060000000000000e+05
4.226860000000000000e+05 3.915070000000000000e+05
2.150280000000000000e+05 2.204790000000000000e+05
1.810290000000000000e+05 4.545950000000000000e+05
8.242350000000000000e+05 1.823930000000000000e+05
1.873360000000000000e+05 4.258480000000000000e+05
3.475540000000000000e+05 1.787580000000000000e+05
5.160870000000000000e+05 2.292780000000000000e+05
7.380500000000000000e+05 5.031280000000000000e+05
4.358940000000000000e+05 5.845360000000000000e+05
5.474730000000000000e+05 2.621120000000000000e+05
4.146150000000000000e+05 6.812410000000000000e+05
1.886950000000000000e+05 5.149700000000000000e+05
4.842920000000000000e+05 4.844700000000000000e+05
1.287740000000000000e+05 2.613350000000000000e+05
5.746960000000000000e+05 4.530970000000000000e+05
6.794730000000000000e+05 8.309640000000000000e+05
2.603030000000000000e+05 7.275260000000000000e+05
6.696800000000000000e+05 1.502590000000000000e+05
5.396110000000000000e+05 3.985040000000000000e+05
2.374490000000000000e+05 7.856520000000000000e+05
7.401960000000000000e+05 5.158560000000000000e+05
4.196750000000000000e+05 2.701960000000000000e+05
3.670140000000000000e+05 3.938200000000000000e+05
5.878670000000000000e+05 7.113940000000000000e+05
5.001000000000000000e+05 8.413040000000000000e+05
4.840340000000000000e+05 7.883800000000000000e+05
6.768480000000000000e+05 1.965040000000000000e+05
5.592400000000000000e+05 2.402490000000000000e+05
8.338990000000000000e+05 7.698990000000000000e+05
4.353690000000000000e+05 6.006550000000000000e+05
7.831130000000000000e+05 2.495710000000000000e+05
3.693010000000000000e+05 3.988970000000000000e+05
3.789430000000000000e+05 3.687510000000000000e+05
6.182330000000000000e+05 2.108330000000000000e+05
4.791440000000000000e+05 5.305990000000000000e+05
6.444640000000000000e+05 7.179880000000000000e+05
3.222840000000000000e+05 3.661480000000000000e+05
2.604610000000000000e+05 7.439710000000000000e+05
7.949850000000000000e+05 3.110760000000000000e+05
3.674780000000000000e+05 3.932060000000000000e+05
2.492520000000000000e+05 7.412430000000000000e+05
2.427600000000000000e+05 1.678580000000000000e+05
5.451770000000000000e+05 4.497110000000000000e+05
6.513010000000000000e+05 4.770800000000000000e+05
4.473970000000000000e+05 6.031150000000000000e+05
4.698230000000000000e+05 9.115650000000000000e+05
5.114720000000000000e+05 1.978580000000000000e+05
4.196110000000000000e+05 6.614230000000000000e+05
3.982260000000000000e+05 4.294000000000000000e+05
1.438260000000000000e+05 2.522400000000000000e+05
3.815370000000000000e+05 1.800800000000000000e+05
7.450270000000000000e+05 4.899710000000000000e+05
2.576770000000000000e+05 7.191500000000000000e+05
6.392140000000000000e+05 7.231660000000000000e+05
6.724220000000000000e+05 1.317670000000000000e+05
7.064650000000000000e+05 7.304100000000000000e+05
5.269680000000000000e+05 8.295160000000000000e+05
2.130320000000000000e+05 4.637770000000000000e+05
3.827590000000000000e+05 1.715860000000000000e+05
4.440280000000000000e+05 6.125680000000000000e+05
8.747880000000000000e+05 5.942260000000000000e+05
3.871430000000000000e+05 2.058190000000000000e+05
2.267350000000000000e+05 5.626220000000000000e+05
4.959170000000000000e+05 8.154920000000000000e+05
7.922170000000000000e+05 3.241060000000000000e+05
6.133660000000000000e+05 2.870920000000000000e+05
1.306950000000000000e+05 2.818410000000000000e+05
9.724700000000000000e+04 2.936480000000000000e+05
4.307600000000000000e+05 6.236980000000000000e+05
6.389010000000000000e+05 2.339780000000000000e+05
5.558500000000000000e+05 1.020640000000000000e+05
4.498880000000000000e+05 5.376550000000000000e+05
4.406450000000000000e+05 5.927630000000000000e+05
4.859180000000000000e+05 8.177100000000000000e+05
8.021280000000000000e+05 4.755730000000000000e+05
1.990520000000000000e+05 4.685730000000000000e+05
2.520780000000000000e+05 7.212730000000000000e+05
5.773150000000000000e+05 2.655410000000000000e+05
7.505300000000000000e+04 1.988820000000000000e+05
8.065640000000000000e+05 2.286110000000000000e+05
3.528680000000000000e+05 3.898590000000000000e+05
6.011180000000000000e+05 7.143540000000000000e+05
5.506660000000000000e+05 3.587760000000000000e+05
8.395070000000000000e+05 5.104090000000000000e+05
6.497600000000000000e+05 7.882290000000000000e+05
5.045300000000000000e+05 8.499440000000000000e+05
3.537010000000000000e+05 4.445320000000000000e+05
4.341350000000000000e+05 3.690290000000000000e+05
4.064820000000000000e+05 1.616570000000000000e+05
2.029250000000000000e+05 4.695110000000000000e+05
7.575820000000000000e+05 4.871890000000000000e+05
7.442810000000000000e+05 4.980590000000000000e+05
5.386970000000000000e+05 4.833330000000000000e+05
5.056510000000000000e+05 4.449090000000000000e+05
8.279660000000000000e+05 7.983460000000000000e+05
8.606800000000000000e+04 1.844310000000000000e+05
4.149270000000000000e+05 8.960900000000000000e+05
1.267490000000000000e+05 3.220370000000000000e+05
5.957030000000000000e+05 2.408790000000000000e+05
4.825860000000000000e+05 8.434380000000000000e+05
6.242520000000000000e+05 7.137730000000000000e+05
3.721750000000000000e+05 1.678670000000000000e+05
3.661290000000000000e+05 3.906230000000000000e+05
6.149970000000000000e+05 1.778800000000000000e+05
6.317490000000000000e+05 6.863140000000000000e+05
2.174180000000000000e+05 2.748690000000000000e+05
8.467860000000000000e+05 7.654390000000000000e+05
2.520490000000000000e+05 7.339910000000000000e+05
8.222840000000000000e+05 7.744980000000000000e+05
7.667400000000000000e+05 2.642580000000000000e+05
8.050670000000000000e+05 2.460620000000000000e+05
8.484070000000000000e+05 2.003730000000000000e+05
7.452850000000000000e+05 4.911520000000000000e+05
3.093070000000000000e+05 6.764490000000000000e+05
6.847420000000000000e+05 8.583500000000000000e+05
7.204860000000000000e+05 1.630610000000000000e+05
1.552830000000000000e+05 7.211180000000000000e+05
2.608030000000000000e+05 7.321030000000000000e+05
7.164800000000000000e+05 1.146810000000000000e+05
5.776740000000000000e+05 2.307940000000000000e+05
7.285370000000000000e+05 7.825030000000000000e+05
3.967050000000000000e+05 1.692340000000000000e+05
9.540370000000000000e+05 7.540460000000000000e+05
3.983400000000000000e+05 3.208640000000000000e+05
8.742900000000000000e+05 6.821540000000000000e+05
7.082800000000000000e+04 2.557980000000000000e+05
7.526450000000000000e+05 4.789410000000000000e+05
8.657740000000000000e+05 6.541560000000000000e+05
6.113430000000000000e+05 2.582790000000000000e+05
2.328400000000000000e+05 7.388330000000000000e+05
4.322320000000000000e+05 6.123260000000000000e+05
8.114310000000000000e+05 7.739100000000000000e+05
4.807970000000000000e+05 8.607450000000000000e+05
5.229500000000000000e+05 1.874880000000000000e+05
3.825070000000000000e+05 4.077900000000000000e+05
7.805920000000000000e+05 1.216310000000000000e+05
7.425360000000000000e+05 1.662380000000000000e+05
6.906160000000000000e+05 1.042910000000000000e+05
8.079560000000000000e+05 2.417720000000000000e+05
5.779390000000000000e+05 7.136820000000000000e+05
2.509650000000000000e+05 6.389910000000000000e+05
4.276740000000000000e+05 6.494090000000000000e+05
4.791700000000000000e+05 7.276820000000000000e+05
7.774380000000000000e+05 5.033720000000000000e+05
2.654100000000000000e+05 7.612300000000000000e+05
8.476350000000000000e+05 2.333640000000000000e+05
7.513760000000000000e+05 4.932900000000000000e+05
3.182570000000000000e+05 6.896160000000000000e+05
8.051670000000000000e+05 1.955690000000000000e+05
5.901840000000000000e+05 1.260210000000000000e+05
4.505040000000000000e+05 4.896950000000000000e+05
1.952520000000000000e+05 5.221330000000000000e+05
8.132090000000000000e+05 6.835120000000000000e+05
8.156050000000000000e+05 2.395190000000000000e+05
6.391380000000000000e+05 7.135640000000000000e+05
5.537700000000000000e+05 2.590890000000000000e+05
7.152800000000000000e+05 1.408770000000000000e+05
1.346010000000000000e+05 2.557470000000000000e+05
3.630620000000000000e+05 1.835270000000000000e+05
5.306190000000000000e+05 7.482620000000000000e+05
6.751710000000000000e+05 6.445670000000000000e+05
2.304590000000000000e+05 8.150420000000000000e+05
7.601540000000000000e+05 4.657620000000000000e+05
7.974870000000000000e+05 6.256750000000000000e+05
8.183500000000000000e+05 7.874090000000000000e+05
6.288560000000000000e+05 7.514880000000000000e+05
8.138050000000000000e+05 7.948890000000000000e+05
7.216610000000000000e+05 4.726520000000000000e+05
7.478830000000000000e+05 5.193020000000000000e+05
6.957260000000000000e+05 4.867490000000000000e+05
4.976630000000000000e+05 4.112150000000000000e+05
6.389400000000000000e+05 7.158830000000000000e+05
4.408690000000000000e+05 6.417670000000000000e+05
7.188620000000000000e+05 4.801990000000000000e+05
4.459660000000000000e+05 6.779890000000000000e+05
1.765600000000000000e+05 2.027120000000000000e+05
4.532600000000000000e+05 6.049380000000000000e+05
6.083680000000000000e+05 7.000070000000000000e+05
4.319120000000000000e+05 2.495970000000000000e+05
7.122860000000000000e+05 4.857790000000000000e+05
7.622280000000000000e+05 1.700360000000000000e+05
2.597230000000000000e+05 7.329170000000000000e+05
8.827140000000000000e+05 1.993750000000000000e+05
5.422440000000000000e+05 2.549070000000000000e+05
3.807370000000000000e+05 4.074730000000000000e+05
8.432230000000000000e+05 6.328720000000000000e+05
4.644560000000000000e+05 4.932060000000000000e+05
4.452570000000000000e+05 6.224660000000000000e+05
4.388620000000000000e+05 6.124830000000000000e+05
7.807580000000000000e+05 6.983020000000000000e+05
4.340190000000000000e+05 6.165780000000000000e+05
7.429560000000000000e+05 4.822140000000000000e+05
8.341410000000000000e+05 6.390920000000000000e+05
8.463080000000000000e+05 8.103230000000000000e+05
7.167150000000000000e+05 2.207000000000000000e+05
4.994360000000000000e+05 4.428990000000000000e+05
6.577060000000000000e+05 2.343700000000000000e+05
3.792480000000000000e+05 1.673620000000000000e+05
7.995200000000000000e+05 8.041770000000000000e+05
6.888740000000000000e+05 6.745710000000000000e+05
3.243090000000000000e+05 1.668720000000000000e+05
6.435660000000000000e+05 7.272500000000000000e+05
5.607580000000000000e+05 2.507150000000000000e+05
7.615390000000000000e+05 3.053960000000000000e+05
4.602540000000000000e+05 6.149640000000000000e+05
5.665150000000000000e+05 2.474830000000000000e+05
5.959230000000000000e+05 3.019610000000000000e+05
8.091400000000000000e+05 8.091660000000000000e+05
6.308430000000000000e+05 7.190360000000000000e+05
6.798260000000000000e+05 1.395380000000000000e+05
6.664620000000000000e+05 2.196000000000000000e+05
5.903100000000000000e+05 6.938640000000000000e+05
8.428370000000000000e+05 6.472720000000000000e+05
6.738660000000000000e+05 4.970100000000000000e+05
4.400780000000000000e+05 8.332390000000000000e+05
7.805650000000000000e+05 5.071340000000000000e+05
7.826380000000000000e+05 4.725450000000000000e+05
8.289890000000000000e+05 7.840530000000000000e+05
4.857870000000000000e+05 4.512340000000000000e+05
1.659090000000000000e+05 2.304950000000000000e+05
8.096640000000000000e+05 8.108410000000000000e+05
5.078850000000000000e+05 8.398750000000000000e+05
4.275750000000000000e+05 7.983020000000000000e+05
7.512500000000000000e+05 5.540670000000000000e+05
7.650690000000000000e+05 3.957080000000000000e+05
5.481320000000000000e+05 4.438690000000000000e+05
7.505220000000000000e+05 6.210230000000000000e+05
8.359270000000000000e+05 7.760810000000000000e+05
4.316690000000000000e+05 6.124430000000000000e+05
7.092770000000000000e+05 8.403570000000000000e+05
8.770830000000000000e+05 5.751290000000000000e+05
4.918990000000000000e+05 8.513530000000000000e+05
6.043810000000000000e+05 3.101750000000000000e+05
5.477460000000000000e+05 2.095180000000000000e+05
4.473700000000000000e+05 5.725130000000000000e+05
3.584050000000000000e+05 4.377040000000000000e+05
1.842010000000000000e+05 2.111560000000000000e+05
3.614410000000000000e+05 2.676670000000000000e+05
1.296270000000000000e+05 2.306070000000000000e+05
6.612220000000000000e+05 4.925160000000000000e+05
5.464590000000000000e+05 7.904360000000000000e+05
8.192330000000000000e+05 7.741630000000000000e+05
1.165140000000000000e+05 3.349710000000000000e+05
5.209520000000000000e+05 8.239210000000000000e+05
6.252930000000000000e+05 7.288100000000000000e+05
5.625410000000000000e+05 4.248600000000000000e+05
8.625570000000000000e+05 2.374890000000000000e+05
3.848370000000000000e+05 1.724780000000000000e+05
5.676520000000000000e+05 4.604770000000000000e+05
2.171700000000000000e+05 8.244980000000000000e+05
1.531190000000000000e+05 2.371980000000000000e+05
3.570670000000000000e+05 2.286450000000000000e+05
6.296940000000000000e+05 7.062310000000000000e+05
1.040760000000000000e+05 2.379870000000000000e+05
1.300960000000000000e+05 1.942440000000000000e+05
8.960240000000000000e+05 2.060220000000000000e+05
5.081580000000000000e+05 8.317380000000000000e+05
3.340350000000000000e+05 1.889170000000000000e+05
5.505990000000000000e+05 4.275120000000000000e+05
1.251720000000000000e+05 1.934450000000000000e+05
3.825230000000000000e+05 1.781870000000000000e+05
2.676280000000000000e+05 7.180460000000000000e+05
4.500320000000000000e+05 5.383940000000000000e+05
3.663460000000000000e+05 3.538230000000000000e+05
1.416390000000000000e+05 2.496310000000000000e+05
4.881760000000000000e+05 8.600620000000000000e+05
8.672570000000000000e+05 7.138160000000000000e+05
4.425850000000000000e+05 6.060980000000000000e+05
2.225530000000000000e+05 7.269440000000000000e+05
5.105250000000000000e+05 8.548450000000000000e+05
6.407940000000000000e+05 7.167740000000000000e+05
4.831860000000000000e+05 9.482490000000000000e+05
8.074240000000000000e+05 2.430820000000000000e+05
3.559110000000000000e+05 4.085760000000000000e+05
7.712500000000000000e+05 5.217030000000000000e+05
6.019850000000000000e+05 2.504420000000000000e+05
2.732780000000000000e+05 5.212950000000000000e+05
1.965590000000000000e+05 4.777550000000000000e+05
4.602220000000000000e+05 6.116100000000000000e+05
8.093730000000000000e+05 1.677540000000000000e+05
8.417460000000000000e+05 7.655330000000000000e+05
7.594340000000000000e+05 4.903760000000000000e+05
5.497080000000000000e+05 7.979950000000000000e+05
1.980690000000000000e+05 4.635140000000000000e+05
2.166640000000000000e+05 6.775220000000000000e+05
3.894020000000000000e+05 1.864170000000000000e+05
5.080430000000000000e+05 3.965010000000000000e+05
6.770560000000000000e+05 1.832400000000000000e+05
5.710640000000000000e+05 4.210380000000000000e+05
6.478250000000000000e+05 2.430660000000000000e+05
6.382820000000000000e+05 1.521110000000000000e+05
2.562550000000000000e+05 7.437040000000000000e+05
4.677950000000000000e+05 8.399340000000000000e+05
1.793160000000000000e+05 2.215080000000000000e+05
7.968460000000000000e+05 2.145890000000000000e+05
5.887760000000000000e+05 2.184860000000000000e+05
5.006530000000000000e+05 8.862310000000000000e+05
8.120570000000000000e+05 8.056340000000000000e+05
3.560470000000000000e+05 4.150800000000000000e+05
1.977270000000000000e+05 4.801210000000000000e+05
6.578010000000000000e+05 2.023960000000000000e+05
5.765640000000000000e+05 1.689980000000000000e+05
6.152470000000000000e+05 7.172510000000000000e+05
3.798950000000000000e+05 4.429820000000000000e+05
1.532210000000000000e+05 2.412880000000000000e+05
2.561580000000000000e+05 4.787790000000000000e+05
8.360590000000000000e+05 2.210120000000000000e+05
7.513590000000000000e+05 4.893250000000000000e+05
4.814610000000000000e+05 2.035060000000000000e+05
1.793590000000000000e+05 2.868520000000000000e+05
7.548070000000000000e+05 1.676200000000000000e+05
2.251410000000000000e+05 5.488530000000000000e+05
8.362080000000000000e+05 6.385140000000000000e+05
6.448290000000000000e+05 7.155950000000000000e+05
5.638060000000000000e+05 2.427030000000000000e+05
2.123470000000000000e+05 4.972140000000000000e+05
4.287720000000000000e+05 3.261270000000000000e+05
1.564360000000000000e+05 2.444010000000000000e+05
2.125350000000000000e+05 3.992830000000000000e+05
8.204220000000000000e+05 8.051950000000000000e+05
5.461950000000000000e+05 4.359810000000000000e+05
8.815380000000000000e+05 6.134920000000000000e+05
5.830840000000000000e+05 2.695860000000000000e+05
5.932260000000000000e+05 7.819830000000000000e+05
6.783400000000000000e+05 1.578870000000000000e+05
3.512000000000000000e+05 1.323200000000000000e+05
9.306800000000000000e+04 2.230400000000000000e+05
5.205290000000000000e+05 8.768460000000000000e+05
5.360560000000000000e+05 4.330130000000000000e+05
7.965300000000000000e+05 2.157430000000000000e+05
2.308100000000000000e+05 5.471000000000000000e+05
7.883400000000000000e+05 2.351970000000000000e+05
8.300570000000000000e+05 5.934230000000000000e+05
1.637150000000000000e+05 3.166430000000000000e+05
2.029780000000000000e+05 4.628880000000000000e+05
6.979360000000000000e+05 4.828870000000000000e+05
5.642810000000000000e+05 2.480280000000000000e+05
2.612090000000000000e+05 7.249730000000000000e+05
4.082890000000000000e+05 8.617850000000000000e+05
7.449980000000000000e+05 4.916140000000000000e+05
6.398930000000000000e+05 7.158790000000000000e+05
6.957760000000000000e+05 1.539060000000000000e+05
4.527890000000000000e+05 6.014770000000000000e+05
8.029040000000000000e+05 6.498590000000000000e+05
7.539950000000000000e+05 4.918310000000000000e+05
4.411010000000000000e+05 6.325970000000000000e+05
8.360900000000000000e+05 5.536660000000000000e+05
4.355660000000000000e+05 2.313740000000000000e+05
5.381450000000000000e+05 4.558480000000000000e+05
2.509980000000000000e+05 7.562470000000000000e+05
2.328630000000000000e+05 5.407480000000000000e+05
4.371030000000000000e+05 1.713930000000000000e+05
4.985890000000000000e+05 8.570190000000000000e+05
4.269770000000000000e+05 3.701680000000000000e+05
5.232540000000000000e+05 4.378780000000000000e+05
3.938500000000000000e+05 1.773110000000000000e+05
3.991410000000000000e+05 3.631050000000000000e+05
8.116870000000000000e+05 5.184570000000000000e+05
7.461150000000000000e+05 1.747580000000000000e+05
4.659490000000000000e+05 5.622230000000000000e+05
3.138270000000000000e+05 4.536260000000000000e+05
3.576000000000000000e+05 3.578440000000000000e+05
6.942490000000000000e+05 1.553860000000000000e+05
1.774990000000000000e+05 2.297240000000000000e+05
1.058150000000000000e+05 4.412540000000000000e+05
2.045810000000000000e+05 2.296750000000000000e+05
5.685700000000000000e+05 2.543880000000000000e+05
4.756900000000000000e+05 4.202120000000000000e+05
7.945940000000000000e+05 7.966470000000000000e+05
3.773510000000000000e+05 3.978130000000000000e+05
7.641970000000000000e+05 1.497510000000000000e+05
3.832810000000000000e+05 1.719140000000000000e+05
5.696790000000000000e+05 2.279690000000000000e+05
3.987620000000000000e+05 3.850700000000000000e+05
3.578060000000000000e+05 1.606680000000000000e+05
6.253380000000000000e+05 7.537650000000000000e+05
5.640000000000000000e+05 1.814760000000000000e+05
4.333600000000000000e+05 6.101380000000000000e+05
5.596440000000000000e+05 3.938770000000000000e+05
5.355930000000000000e+05 1.434450000000000000e+05
4.584000000000000000e+05 5.967490000000000000e+05
1.974710000000000000e+05 4.848230000000000000e+05
7.237960000000000000e+05 6.250800000000000000e+04
5.263820000000000000e+05 2.402150000000000000e+05
3.360100000000000000e+05 1.679680000000000000e+05
3.988620000000000000e+05 2.638060000000000000e+05
3.467790000000000000e+05 1.701300000000000000e+05
8.492540000000000000e+05 2.831120000000000000e+05
8.096560000000000000e+05 2.438850000000000000e+05
6.224990000000000000e+05 1.686800000000000000e+05
8.087400000000000000e+05 7.988060000000000000e+05
2.894470000000000000e+05 6.723150000000000000e+05
2.473620000000000000e+05 7.334880000000000000e+05
6.871890000000000000e+05 1.791030000000000000e+05
5.257950000000000000e+05 8.421770000000000000e+05
6.938480000000000000e+05 1.472660000000000000e+05
8.177490000000000000e+05 2.452310000000000000e+05
4.619910000000000000e+05 5.498080000000000000e+05
8.302380000000000000e+05 6.293040000000000000e+05
6.372740000000000000e+05 2.670380000000000000e+05
6.388800000000000000e+05 7.020530000000000000e+05
8.099290000000000000e+05 2.445280000000000000e+05
7.998540000000000000e+05 6.059210000000000000e+05
4.695970000000000000e+05 4.696410000000000000e+05
1.513520000000000000e+05 2.359180000000000000e+05
3.772720000000000000e+05 1.940470000000000000e+05
1.124040000000000000e+05 4.890760000000000000e+05
5.254810000000000000e+05 4.085070000000000000e+05
6.146180000000000000e+05 7.343450000000000000e+05
8.087890000000000000e+05 8.037430000000000000e+05
6.749410000000000000e+05 1.490540000000000000e+05
4.062970000000000000e+05 1.260690000000000000e+05
4.491980000000000000e+05 5.712440000000000000e+05
3.668540000000000000e+05 3.792730000000000000e+05
4.095360000000000000e+05 3.996970000000000000e+05
6.479520000000000000e+05 6.922030000000000000e+05
5.269900000000000000e+05 2.346340000000000000e+05
5.012120000000000000e+05 8.527510000000000000e+05
5.423980000000000000e+05 4.073490000000000000e+05
2.603180000000000000e+05 7.116210000000000000e+05
2.685820000000000000e+05 7.503930000000000000e+05
8.626570000000000000e+05 6.289170000000000000e+05
6.120970000000000000e+05 2.042660000000000000e+05
3.437750000000000000e+05 7.139000000000000000e+05
1.789620000000000000e+05 4.716350000000000000e+05
7.245080000000000000e+05 4.716460000000000000e+05
5.413290000000000000e+05 1.966230000000000000e+05
4.633500000000000000e+05 5.138740000000000000e+05
6.394070000000000000e+05 4.535700000000000000e+05
4.379120000000000000e+05 6.085950000000000000e+05
8.505480000000000000e+05 6.394700000000000000e+05
8.084590000000000000e+05 7.979170000000000000e+05
8.477400000000000000e+05 7.649640000000000000e+05
5.808590000000000000e+05 2.433920000000000000e+05
7.271120000000000000e+05 4.972220000000000000e+05
7.937120000000000000e+05 2.538690000000000000e+05
3.628590000000000000e+05 1.403400000000000000e+05
6.180430000000000000e+05 7.591280000000000000e+05
3.437740000000000000e+05 3.747460000000000000e+05
6.501180000000000000e+05 7.393540000000000000e+05
8.141950000000000000e+05 7.996270000000000000e+05
1.700150000000000000e+05 5.096720000000000000e+05
4.522800000000000000e+05 1.391260000000000000e+05
8.180650000000000000e+05 6.751140000000000000e+05
1.724440000000000000e+05 2.563870000000000000e+05
3.452590000000000000e+05 4.442930000000000000e+05
2.196210000000000000e+05 4.389760000000000000e+05
5.731240000000000000e+05 2.417390000000000000e+05
3.474470000000000000e+05 1.487100000000000000e+05
5.551770000000000000e+05 4.117310000000000000e+05
6.684780000000000000e+05 9.912400000000000000e+04
4.096040000000000000e+05 7.192160000000000000e+05
7.563760000000000000e+05 4.697010000000000000e+05
4.599970000000000000e+05 6.075340000000000000e+05
2.604930000000000000e+05 2.320660000000000000e+05
3.638080000000000000e+05 3.792560000000000000e+05
4.156280000000000000e+05 8.731160000000000000e+05
7.954930000000000000e+05 6.230790000000000000e+05
5.243610000000000000e+05 8.840860000000000000e+05
7.823830000000000000e+05 2.736380000000000000e+05
5.555660000000000000e+05 4.029310000000000000e+05
2.171470000000000000e+05 5.699080000000000000e+05
5.378280000000000000e+05 2.456210000000000000e+05
7.920690000000000000e+05 7.807120000000000000e+05
4.287040000000000000e+05 1.806140000000000000e+05
6.893230000000000000e+05 1.169350000000000000e+05
2.008970000000000000e+05 7.245200000000000000e+05
1.049530000000000000e+05 2.659990000000000000e+05
6.418420000000000000e+05 7.029950000000000000e+05
5.763500000000000000e+05 2.897520000000000000e+05
9.538200000000000000e+04 1.156680000000000000e+05
1.818560000000000000e+05 4.374510000000000000e+05
4.248230000000000000e+05 6.323100000000000000e+05
5.409980000000000000e+05 5.098450000000000000e+05
5.411560000000000000e+05 4.706410000000000000e+05
2.415040000000000000e+05 5.231370000000000000e+05
5.810350000000000000e+05 2.641750000000000000e+05
2.753380000000000000e+05 5.183050000000000000e+05
8.474300000000000000e+05 6.231570000000000000e+05
5.720030000000000000e+05 7.595090000000000000e+05
8.343960000000000000e+05 6.376250000000000000e+05
3.631860000000000000e+05 4.056530000000000000e+05
3.171680000000000000e+05 1.994520000000000000e+05
3.679910000000000000e+05 4.143000000000000000e+05
5.678700000000000000e+05 2.841510000000000000e+05
6.030940000000000000e+05 3.157920000000000000e+05
7.402210000000000000e+05 4.887810000000000000e+05
2.755000000000000000e+05 7.298800000000000000e+05
8.661190000000000000e+05 7.727730000000000000e+05
1.770610000000000000e+05 2.412380000000000000e+05
7.433040000000000000e+05 4.626600000000000000e+05
6.744230000000000000e+05 1.545490000000000000e+05
5.075440000000000000e+05 7.903830000000000000e+05
7.601370000000000000e+05 8.035520000000000000e+05
8.387050000000000000e+05 7.739920000000000000e+05
6.286170000000000000e+05 4.703830000000000000e+05
1.701300000000000000e+05 2.051700000000000000e+05
6.321990000000000000e+05 6.778730000000000000e+05
5.382430000000000000e+05 2.052980000000000000e+05
8.511610000000000000e+05 7.985150000000000000e+05
8.454600000000000000e+05 6.905300000000000000e+05
6.483890000000000000e+05 1.563280000000000000e+05
3.759880000000000000e+05 1.806980000000000000e+05
8.157370000000000000e+05 8.046390000000000000e+05
8.203250000000000000e+05 7.993560000000000000e+05
4.403230000000000000e+05 6.097450000000000000e+05
1.486010000000000000e+05 2.678240000000000000e+05
8.106170000000000000e+05 2.474220000000000000e+05
6.394870000000000000e+05 9.151700000000000000e+04
3.513370000000000000e+05 3.919890000000000000e+05
6.006900000000000000e+05 7.155120000000000000e+05
3.623450000000000000e+05 3.886910000000000000e+05
7.751940000000000000e+05 1.149400000000000000e+05
7.965020000000000000e+05 5.105720000000000000e+05
8.304720000000000000e+05 7.843470000000000000e+05
6.615740000000000000e+05 6.469840000000000000e+05
4.897490000000000000e+05 4.317020000000000000e+05
4.588300000000000000e+05 5.694030000000000000e+05
6.819960000000000000e+05 2.166600000000000000e+05
4.276330000000000000e+05 6.715870000000000000e+05
1.236420000000000000e+05 2.857900000000000000e+05
8.052190000000000000e+05 2.438300000000000000e+05
4.666860000000000000e+05 5.644140000000000000e+05
7.386760000000000000e+05 4.882280000000000000e+05
4.247990000000000000e+05 2.318620000000000000e+05
6.472170000000000000e+05 6.900660000000000000e+05
3.958100000000000000e+05 4.096930000000000000e+05
6.057220000000000000e+05 3.651310000000000000e+05
5.222800000000000000e+05 9.005280000000000000e+05
3.542460000000000000e+05 4.162180000000000000e+05
5.537790000000000000e+05 2.432740000000000000e+05
1.531600000000000000e+05 2.413010000000000000e+05
7.614860000000000000e+05 8.275360000000000000e+05
3.110370000000000000e+05 7.565700000000000000e+05
7.919170000000000000e+05 8.034190000000000000e+05
7.784380000000000000e+05 6.688420000000000000e+05
4.493520000000000000e+05 6.629640000000000000e+05
3.537310000000000000e+05 7.331080000000000000e+05
7.427070000000000000e+05 4.466990000000000000e+05
2.340070000000000000e+05 5.169040000000000000e+05
7.774630000000000000e+05 5.002990000000000000e+05
5.005920000000000000e+05 2.854390000000000000e+05
8.338440000000000000e+05 6.796290000000000000e+05
3.902190000000000000e+05 1.255730000000000000e+05
1.824320000000000000e+05 4.906480000000000000e+05
3.326670000000000000e+05 2.143840000000000000e+05
8.510420000000000000e+05 6.203600000000000000e+05
1.933160000000000000e+05 1.886760000000000000e+05
8.075930000000000000e+05 8.104440000000000000e+05
1.463160000000000000e+05 2.052530000000000000e+05
6.127590000000000000e+05 8.491130000000000000e+05
7.893040000000000000e+05 6.192470000000000000e+05
8.236300000000000000e+05 2.513980000000000000e+05
6.040670000000000000e+05 2.547040000000000000e+05
7.184550000000000000e+05 5.465260000000000000e+05
5.522710000000000000e+05 4.432640000000000000e+05
3.760560000000000000e+05 3.890930000000000000e+05
5.673640000000000000e+05 2.846850000000000000e+05
4.102270000000000000e+05 1.500960000000000000e+05
6.283040000000000000e+05 8.301660000000000000e+05
7.438620000000000000e+05 4.205030000000000000e+05
3.883690000000000000e+05 1.648720000000000000e+05
8.943100000000000000e+04 3.699800000000000000e+05
6.586000000000000000e+05 1.458580000000000000e+05
7.585630000000000000e+05 5.003210000000000000e+05
8.178240000000000000e+05 2.554770000000000000e+05
6.812980000000000000e+05 2.605430000000000000e+05
6.030020000000000000e+05 2.451190000000000000e+05
5.154940000000000000e+05 2.531150000000000000e+05
5.560150000000000000e+05 8.653740000000000000e+05
3.831440000000000000e+05 1.719070000000000000e+05
6.386460000000000000e+05 7.155770000000000000e+05
6.498190000000000000e+05 4.026180000000000000e+05
8.080350000000000000e+05 7.986480000000000000e+05
3.439240000000000000e+05 3.949430000000000000e+05
8.659800000000000000e+05 6.322920000000000000e+05
4.941520000000000000e+05 8.440070000000000000e+05
2.693060000000000000e+05 7.297300000000000000e+05
6.367140000000000000e+05 7.643390000000000000e+05
5.355530000000000000e+05 4.018500000000000000e+05
7.438690000000000000e+05 2.851110000000000000e+05
4.568150000000000000e+05 6.010690000000000000e+05
2.084170000000000000e+05 8.138980000000000000e+05
2.679280000000000000e+05 7.219040000000000000e+05
3.741410000000000000e+05 3.870570000000000000e+05
7.921330000000000000e+05 1.926160000000000000e+05
6.072800000000000000e+05 1.797520000000000000e+05
8.118440000000000000e+05 7.956170000000000000e+05
6.815050000000000000e+05 1.543350000000000000e+05
8.273140000000000000e+05 6.577220000000000000e+05
8.289560000000000000e+05 6.175180000000000000e+05
6.575150000000000000e+05 4.797030000000000000e+05
7.685130000000000000e+05 3.934390000000000000e+05
8.009940000000000000e+05 7.928670000000000000e+05
8.291580000000000000e+05 8.174320000000000000e+05
7.899400000000000000e+05 1.783540000000000000e+05
3.824050000000000000e+05 1.470990000000000000e+05
8.030630000000000000e+05 8.095220000000000000e+05
2.756270000000000000e+05 1.611470000000000000e+05
7.403730000000000000e+05 4.887280000000000000e+05
7.795780000000000000e+05 4.653540000000000000e+05
2.633000000000000000e+05 7.088620000000000000e+05
2.534270000000000000e+05 4.453280000000000000e+05
6.789490000000000000e+05 1.647060000000000000e+05
4.771060000000000000e+05 8.234950000000000000e+05
2.111310000000000000e+05 1.880110000000000000e+05
5.064510000000000000e+05 8.474980000000000000e+05
5.682310000000000000e+05 2.331300000000000000e+05
5.027370000000000000e+05 4.143790000000000000e+05
5.904490000000000000e+05 2.542530000000000000e+05
6.351960000000000000e+05 4.719270000000000000e+05
8.115260000000000000e+05 7.985220000000000000e+05
6.163430000000000000e+05 7.145320000000000000e+05
3.306450000000000000e+05 4.289270000000000000e+05
6.896900000000000000e+05 1.716610000000000000e+05
6.350190000000000000e+05 2.260820000000000000e+05
4.374000000000000000e+05 5.892130000000000000e+05
2.407020000000000000e+05 4.814870000000000000e+05
7.793610000000000000e+05 4.673790000000000000e+05
1.127340000000000000e+05 1.944950000000000000e+05
6.444190000000000000e+05 1.969850000000000000e+05
8.150190000000000000e+05 8.045140000000000000e+05
5.601170000000000000e+05 2.108410000000000000e+05
5.548920000000000000e+05 8.944550000000000000e+05
3.369390000000000000e+05 1.816600000000000000e+05
7.342940000000000000e+05 4.899720000000000000e+05
8.190140000000000000e+05 1.789710000000000000e+05
2.001400000000000000e+05 4.748880000000000000e+05
6.186850000000000000e+05 2.468950000000000000e+05
8.174390000000000000e+05 6.780710000000000000e+05
8.158920000000000000e+05 8.039830000000000000e+05
4.225660000000000000e+05 8.472960000000000000e+05
7.275520000000000000e+05 2.533500000000000000e+05
4.525810000000000000e+05 8.454310000000000000e+05
8.299390000000000000e+05 6.444220000000000000e+05
2.506390000000000000e+05 7.413720000000000000e+05
5.029260000000000000e+05 8.250500000000000000e+05
5.597960000000000000e+05 2.377780000000000000e+05
4.087430000000000000e+05 1.896870000000000000e+05
6.627140000000000000e+05 1.695210000000000000e+05
5.984980000000000000e+05 7.333670000000000000e+05
7.984220000000000000e+05 6.898890000000000000e+05
8.453610000000000000e+05 7.964940000000000000e+05
7.755760000000000000e+05 2.147290000000000000e+05
6.845210000000000000e+05 1.797260000000000000e+05
1.542210000000000000e+05 4.385190000000000000e+05
7.616000000000000000e+05 1.713450000000000000e+05
1.578630000000000000e+05 2.347710000000000000e+05
4.357840000000000000e+05 6.308660000000000000e+05
6.430310000000000000e+05 7.117460000000000000e+05
5.965390000000000000e+05 3.769150000000000000e+05
8.653160000000000000e+05 6.901330000000000000e+05
8.264520000000000000e+05 7.741950000000000000e+05
8.464040000000000000e+05 6.084000000000000000e+05
8.006420000000000000e+05 5.477400000000000000e+05
4.733580000000000000e+05 1.933560000000000000e+05
8.283810000000000000e+05 7.903050000000000000e+05
4.416760000000000000e+05 3.619200000000000000e+05
3.928940000000000000e+05 4.025640000000000000e+05
8.090310000000000000e+05 7.948330000000000000e+05
5.491840000000000000e+05 4.423330000000000000e+05
7.423880000000000000e+05 7.530540000000000000e+05
3.783870000000000000e+05 1.678300000000000000e+05
2.630350000000000000e+05 7.352300000000000000e+05
4.380070000000000000e+05 6.057640000000000000e+05
6.323250000000000000e+05 7.181500000000000000e+05
7.788590000000000000e+05 8.129240000000000000e+05
7.911550000000000000e+05 2.340100000000000000e+05
4.828500000000000000e+05 8.157110000000000000e+05
5.515040000000000000e+05 1.637180000000000000e+05
3.090430000000000000e+05 7.532410000000000000e+05
5.393800000000000000e+05 4.523690000000000000e+05
7.855440000000000000e+05 7.956810000000000000e+05
5.742540000000000000e+05 2.461500000000000000e+05
4.735180000000000000e+05 4.310290000000000000e+05
4.292830000000000000e+05 6.960360000000000000e+05
5.102230000000000000e+05 7.922200000000000000e+05
8.090980000000000000e+05 7.966960000000000000e+05
2.340270000000000000e+05 4.661710000000000000e+05
8.270630000000000000e+05 7.827360000000000000e+05
6.919850000000000000e+05 1.083660000000000000e+05
1.450020000000000000e+05 2.580620000000000000e+05
4.480430000000000000e+05 5.937940000000000000e+05
7.706650000000000000e+05 8.212010000000000000e+05
7.818710000000000000e+05 4.807930000000000000e+05
8.377500000000000000e+05 6.341320000000000000e+05
8.009920000000000000e+05 6.543970000000000000e+05
8.125330000000000000e+05 8.052360000000000000e+05
5.898970000000000000e+05 9.412060000000000000e+05
6.683550000000000000e+05 1.672080000000000000e+05
8.193470000000000000e+05 2.629330000000000000e+05
2.815550000000000000e+05 7.219410000000000000e+05
7.595030000000000000e+05 5.074760000000000000e+05
8.106420000000000000e+05 7.976940000000000000e+05
8.473120000000000000e+05 6.550730000000000000e+05
5.262740000000000000e+05 3.051910000000000000e+05
7.117610000000000000e+05 3.081000000000000000e+04
4.387340000000000000e+05 5.701070000000000000e+05
7.568870000000000000e+05 2.664650000000000000e+05
8.219050000000000000e+05 2.886240000000000000e+05
8.703340000000000000e+05 2.594420000000000000e+05
8.015800000000000000e+05 2.331270000000000000e+05
8.445860000000000000e+05 8.022730000000000000e+05
7.254110000000000000e+05 6.933160000000000000e+05
5.650400000000000000e+05 2.651550000000000000e+05
3.779590000000000000e+05 3.909330000000000000e+05
4.109570000000000000e+05 2.218240000000000000e+05
4.343080000000000000e+05 1.993610000000000000e+05
1.792410000000000000e+05 5.250240000000000000e+05
7.479040000000000000e+05 4.866970000000000000e+05
5.271920000000000000e+05 7.361330000000000000e+05
3.432700000000000000e+05 3.620230000000000000e+05
1.766970000000000000e+05 2.322850000000000000e+05
4.069380000000000000e+05 1.308490000000000000e+05
8.282240000000000000e+05 6.581910000000000000e+05
7.838780000000000000e+05 6.251780000000000000e+05
3.839590000000000000e+05 1.860430000000000000e+05
2.510580000000000000e+05 7.350270000000000000e+05
7.567440000000000000e+05 1.866410000000000000e+05
6.816910000000000000e+05 1.569670000000000000e+05
6.420790000000000000e+05 7.126890000000000000e+05
3.728730000000000000e+05 3.803330000000000000e+05
1.082430000000000000e+05 2.640500000000000000e+05
7.556220000000000000e+05 3.891000000000000000e+05
4.993630000000000000e+05 8.478740000000000000e+05
5.428570000000000000e+05 2.587750000000000000e+05
8.136570000000000000e+05 1.507040000000000000e+05
1.751410000000000000e+05 4.293050000000000000e+05
4.265960000000000000e+05 6.689660000000000000e+05
7.055780000000000000e+05 5.053850000000000000e+05
7.600790000000000000e+05 8.095190000000000000e+05
2.220040000000000000e+05 8.070320000000000000e+05
7.377760000000000000e+05 5.066950000000000000e+05
3.799190000000000000e+05 1.301050000000000000e+05
7.213490000000000000e+05 4.612130000000000000e+05
8.792100000000000000e+05 6.719050000000000000e+05
3.794400000000000000e+05 1.660590000000000000e+05
6.504200000000000000e+05 1.264950000000000000e+05
2.393990000000000000e+05 4.872480000000000000e+05
4.921080000000000000e+05 4.153570000000000000e+05
8.285890000000000000e+05 8.083210000000000000e+05
3.973430000000000000e+05 1.531750000000000000e+05
8.269570000000000000e+05 8.124820000000000000e+05
8.313810000000000000e+05 6.289190000000000000e+05
5.685340000000000000e+05 6.844070000000000000e+05
8.117620000000000000e+05 7.771810000000000000e+05
8.239940000000000000e+05 7.911740000000000000e+05
6.162980000000000000e+05 8.768820000000000000e+05
6.477540000000000000e+05 2.199410000000000000e+05
3.669030000000000000e+05 1.612640000000000000e+05
2.977630000000000000e+05 7.436760000000000000e+05
5.640360000000000000e+05 2.554140000000000000e+05
5.616440000000000000e+05 4.371420000000000000e+05
8.208950000000000000e+05 7.700820000000000000e+05
7.446720000000000000e+05 4.879430000000000000e+05
8.525850000000000000e+05 7.694440000000000000e+05
5.827760000000000000e+05 2.327370000000000000e+05
4.354540000000000000e+05 5.823890000000000000e+05
7.476970000000000000e+05 4.894360000000000000e+05
8.413140000000000000e+05 7.052070000000000000e+05
6.920900000000000000e+05 7.193440000000000000e+05
5.989070000000000000e+05 7.625990000000000000e+05
5.581800000000000000e+05 1.510400000000000000e+05
6.914420000000000000e+05 5.111160000000000000e+05
7.065460000000000000e+05 1.887250000000000000e+05
4.413950000000000000e+05 6.277660000000000000e+05
8.624960000000000000e+05 7.789360000000000000e+05
1.188820000000000000e+05 2.137940000000000000e+05
4.442030000000000000e+05 4.334260000000000000e+05
1.435940000000000000e+05 2.734410000000000000e+05
7.769510000000000000e+05 8.229000000000000000e+05
3.818050000000000000e+05 1.724200000000000000e+05
3.507960000000000000e+05 4.173520000000000000e+05
7.248200000000000000e+05 2.159360000000000000e+05
6.677830000000000000e+05 7.149770000000000000e+05
5.061940000000000000e+05 4.128300000000000000e+05
2.355250000000000000e+05 7.750280000000000000e+05
3.858520000000000000e+05 1.703060000000000000e+05
3.639590000000000000e+05 1.886560000000000000e+05
4.361060000000000000e+05 6.020360000000000000e+05
5.555270000000000000e+05 2.270430000000000000e+05
5.648340000000000000e+05 7.808990000000000000e+05
1.738700000000000000e+05 4.399270000000000000e+05
8.185000000000000000e+05 2.639880000000000000e+05
7.821160000000000000e+05 4.876380000000000000e+05
3.245290000000000000e+05 4.118390000000000000e+05
2.544390000000000000e+05 4.525360000000000000e+05
7.689180000000000000e+05 4.448300000000000000e+05
6.279320000000000000e+05 2.087710000000000000e+05
4.309580000000000000e+05 3.998430000000000000e+05
5.707930000000000000e+05 2.270190000000000000e+05
4.993070000000000000e+05 1.545630000000000000e+05
1.551940000000000000e+05 4.220510000000000000e+05
5.465420000000000000e+05 2.241110000000000000e+05
3.217090000000000000e+05 1.489540000000000000e+05
6.423770000000000000e+05 1.369040000000000000e+05
8.307540000000000000e+05 6.564450000000000000e+05
3.081190000000000000e+05 7.784350000000000000e+05
8.396020000000000000e+05 1.414860000000000000e+05
4.866870000000000000e+05 7.333420000000000000e+05
6.358880000000000000e+05 7.146380000000000000e+05
2.036330000000000000e+05 4.472810000000000000e+05
2.937550000000000000e+05 7.244340000000000000e+05
5.315360000000000000e+05 9.224460000000000000e+05
1.986620000000000000e+05 4.852790000000000000e+05
7.126520000000000000e+05 8.149030000000000000e+05
8.090520000000000000e+05 7.851920000000000000e+05
5.603380000000000000e+05 2.162980000000000000e+05
2.859270000000000000e+05 4.358500000000000000e+05
5.320760000000000000e+05 8.502520000000000000e+05
8.673030000000000000e+05 3.120280000000000000e+05
4.449570000000000000e+05 6.113260000000000000e+05
5.872380000000000000e+05 4.082020000000000000e+05
8.072720000000000000e+05 8.070840000000000000e+05
2.292580000000000000e+05 7.997320000000000000e+05
1.902350000000000000e+05 1.672850000000000000e+05
6.545330000000000000e+05 2.349250000000000000e+05
7.462730000000000000e+05 8.107190000000000000e+05
3.921600000000000000e+05 3.278550000000000000e+05
2.763330000000000000e+05 7.346710000000000000e+05
6.379260000000000000e+05 7.601280000000000000e+05
7.064720000000000000e+05 1.712070000000000000e+05
4.446460000000000000e+05 6.113990000000000000e+05
4.454310000000000000e+05 6.089770000000000000e+05
8.250780000000000000e+05 4.861200000000000000e+05
3.156860000000000000e+05 1.483750000000000000e+05
3.910420000000000000e+05 4.316840000000000000e+05
1.416130000000000000e+05 2.493080000000000000e+05
6.868900000000000000e+05 5.333530000000000000e+05
8.341800000000000000e+05 1.950700000000000000e+05
6.335510000000000000e+05 8.504100000000000000e+04
8.104090000000000000e+05 7.931970000000000000e+05
7.722670000000000000e+05 7.864070000000000000e+05
5.457990000000000000e+05 4.348750000000000000e+05
2.056870000000000000e+05 4.452960000000000000e+05
1.754050000000000000e+05 5.088270000000000000e+05
5.502360000000000000e+05 8.725780000000000000e+05
1.622240000000000000e+05 6.852000000000000000e+05
3.447530000000000000e+05 7.878960000000000000e+05
4.533030000000000000e+05 6.024950000000000000e+05
3.019250000000000000e+05 6.817320000000000000e+05
5.703990000000000000e+05 3.025520000000000000e+05
4.428930000000000000e+05 8.650960000000000000e+05
5.049860000000000000e+05 8.728300000000000000e+05
8.471400000000000000e+04 3.266650000000000000e+05
6.301010000000000000e+05 7.181740000000000000e+05
7.191530000000000000e+05 1.697990000000000000e+05
2.672850000000000000e+05 7.287790000000000000e+05
9.355400000000000000e+04 2.380270000000000000e+05
6.737370000000000000e+05 7.167500000000000000e+05
1.555100000000000000e+05 4.629220000000000000e+05
5.442400000000000000e+05 8.898370000000000000e+05
6.287130000000000000e+05 2.289300000000000000e+05
6.361470000000000000e+05 7.560830000000000000e+05
1.648520000000000000e+05 2.495050000000000000e+05
5.625230000000000000e+05 8.151200000000000000e+05
8.150140000000000000e+05 7.905240000000000000e+05
3.453370000000000000e+05 3.671920000000000000e+05
5.185030000000000000e+05 4.270520000000000000e+05
6.669840000000000000e+05 1.831460000000000000e+05
8.018960000000000000e+05 6.683790000000000000e+05
5.061330000000000000e+05 8.941750000000000000e+05
8.000810000000000000e+05 7.984780000000000000e+05
7.278840000000000000e+05 1.706800000000000000e+05
8.176490000000000000e+05 7.938940000000000000e+05
8.682170000000000000e+05 6.090460000000000000e+05
1.667000000000000000e+05 2.737670000000000000e+05
8.372680000000000000e+05 2.339560000000000000e+05
1.607210000000000000e+05 2.633970000000000000e+05
1.751880000000000000e+05 4.799040000000000000e+05
3.887740000000000000e+05 2.440980000000000000e+05
1.752790000000000000e+05 4.486720000000000000e+05
3.150140000000000000e+05 7.328210000000000000e+05
7.454540000000000000e+05 4.882760000000000000e+05
3.115350000000000000e+05 2.378160000000000000e+05
1.454450000000000000e+05 2.410630000000000000e+05
4.365620000000000000e+05 5.913070000000000000e+05
6.193020000000000000e+05 4.072430000000000000e+05
5.406890000000000000e+05 4.833700000000000000e+05
1.601390000000000000e+05 2.345400000000000000e+05
3.866040000000000000e+05 4.037660000000000000e+05
6.279700000000000000e+05 4.061980000000000000e+05
2.650370000000000000e+05 6.056860000000000000e+05
5.225670000000000000e+05 7.922150000000000000e+05
3.033150000000000000e+05 7.503200000000000000e+05
2.581740000000000000e+05 7.551590000000000000e+05
1.097490000000000000e+05 1.448480000000000000e+05
6.575750000000000000e+05 1.564090000000000000e+05
8.116190000000000000e+05 7.996980000000000000e+05
6.288980000000000000e+05 7.347330000000000000e+05
3.195800000000000000e+05 4.860400000000000000e+05
3.675370000000000000e+05 3.921350000000000000e+05
5.016980000000000000e+05 8.311260000000000000e+05
3.739340000000000000e+05 1.884770000000000000e+05
4.430340000000000000e+05 6.080160000000000000e+05
8.623130000000000000e+05 1.950680000000000000e+05
1.614070000000000000e+05 2.464830000000000000e+05
3.985270000000000000e+05 2.615270000000000000e+05
9.175440000000000000e+05 6.255730000000000000e+05
1.493130000000000000e+05 4.088790000000000000e+05
7.943730000000000000e+05 9.369000000000000000e+04
3.605510000000000000e+05 3.552050000000000000e+05
8.121790000000000000e+05 7.994840000000000000e+05
8.489270000000000000e+05 6.455830000000000000e+05
7.563040000000000000e+05 4.897360000000000000e+05
4.523500000000000000e+05 6.144380000000000000e+05
6.439580000000000000e+05 6.952400000000000000e+05
8.337130000000000000e+05 2.311410000000000000e+05
7.841970000000000000e+05 1.964820000000000000e+05
6.363570000000000000e+05 7.101480000000000000e+05
1.708620000000000000e+05 4.476770000000000000e+05
1.588130000000000000e+05 2.433500000000000000e+05
4.359690000000000000e+05 6.610510000000000000e+05
5.448480000000000000e+05 4.539800000000000000e+05
2.569560000000000000e+05 7.409650000000000000e+05
7.366990000000000000e+05 4.955710000000000000e+05
6.345320000000000000e+05 7.160930000000000000e+05
4.583100000000000000e+05 5.478780000000000000e+05
1.945170000000000000e+05 4.777310000000000000e+05
8.213350000000000000e+05 6.509980000000000000e+05
4.721360000000000000e+05 5.225660000000000000e+05
8.339760000000000000e+05 2.141860000000000000e+05
4.659540000000000000e+05 5.891370000000000000e+05
3.402610000000000000e+05 3.735030000000000000e+05
5.452510000000000000e+05 4.231260000000000000e+05
8.483760000000000000e+05 2.210620000000000000e+05
2.141120000000000000e+05 5.481570000000000000e+05
3.672350000000000000e+05 1.749570000000000000e+05
4.493170000000000000e+05 1.966170000000000000e+05
6.175160000000000000e+05 1.551380000000000000e+05
3.141230000000000000e+05 1.504220000000000000e+05
6.443240000000000000e+05 7.111340000000000000e+05
7.493210000000000000e+05 2.004840000000000000e+05
7.372770000000000000e+05 4.940370000000000000e+05
4.562680000000000000e+05 6.062990000000000000e+05
3.993580000000000000e+05 1.712700000000000000e+05
2.498150000000000000e+05 2.022330000000000000e+05
8.055750000000000000e+05 2.592050000000000000e+05
7.983650000000000000e+05 2.612210000000000000e+05
7.447540000000000000e+05 3.956980000000000000e+05
2.432620000000000000e+05 7.381940000000000000e+05
5.258880000000000000e+05 2.308750000000000000e+05
7.486260000000000000e+05 4.671030000000000000e+05
1.507180000000000000e+05 2.406050000000000000e+05
1.717470000000000000e+05 7.775790000000000000e+05
2.427680000000000000e+05 7.200080000000000000e+05
5.141650000000000000e+05 9.067360000000000000e+05
2.817800000000000000e+05 7.759430000000000000e+05
7.580920000000000000e+05 8.323450000000000000e+05
6.072320000000000000e+05 2.018130000000000000e+05
5.013700000000000000e+05 8.648490000000000000e+05
3.516110000000000000e+05 4.568040000000000000e+05
2.804730000000000000e+05 7.443770000000000000e+05
2.027700000000000000e+05 4.728120000000000000e+05
5.429450000000000000e+05 1.381820000000000000e+05
8.719460000000000000e+05 7.676220000000000000e+05
4.422160000000000000e+05 6.482860000000000000e+05
3.476980000000000000e+05 3.753280000000000000e+05
6.153240000000000000e+05 4.593790000000000000e+05
5.293140000000000000e+05 2.243700000000000000e+05
2.527910000000000000e+05 4.995410000000000000e+05
4.988340000000000000e+05 8.336790000000000000e+05
8.940970000000000000e+05 5.641300000000000000e+05
5.202950000000000000e+05 8.078010000000000000e+05
8.386780000000000000e+05 2.855330000000000000e+05
2.350470000000000000e+05 7.461060000000000000e+05
5.482990000000000000e+05 7.988830000000000000e+05
2.165640000000000000e+05 7.230640000000000000e+05
7.851990000000000000e+05 4.965230000000000000e+05
3.321420000000000000e+05 1.821530000000000000e+05
2.581240000000000000e+05 4.865020000000000000e+05
8.012290000000000000e+05 6.171390000000000000e+05
3.445800000000000000e+05 8.339370000000000000e+05
4.486940000000000000e+05 4.736800000000000000e+04
7.269180000000000000e+05 1.963880000000000000e+05
2.804840000000000000e+05 4.127250000000000000e+05
6.434250000000000000e+05 7.129510000000000000e+05
6.338480000000000000e+05 1.470910000000000000e+05
4.152420000000000000e+05 3.936980000000000000e+05
2.593530000000000000e+05 6.759650000000000000e+05
4.450680000000000000e+05 5.854770000000000000e+05
8.404960000000000000e+05 7.692020000000000000e+05
3.316420000000000000e+05 1.658540000000000000e+05
1.454250000000000000e+05 2.224040000000000000e+05
3.857300000000000000e+05 1.714450000000000000e+05
1.778060000000000000e+05 1.546200000000000000e+05
8.185620000000000000e+05 7.934590000000000000e+05
2.211270000000000000e+05 5.087400000000000000e+05
7.897200000000000000e+05 5.185590000000000000e+05
5.817580000000000000e+05 2.429670000000000000e+05
1.836580000000000000e+05 2.344190000000000000e+05
6.792290000000000000e+05 8.164000000000000000e+04
7.417090000000000000e+05 7.412820000000000000e+05
4.911700000000000000e+05 5.261410000000000000e+05
4.453420000000000000e+05 6.123520000000000000e+05
5.604430000000000000e+05 2.532000000000000000e+05
4.438810000000000000e+05 6.249770000000000000e+05
3.388360000000000000e+05 3.921040000000000000e+05
1.524020000000000000e+05 2.339540000000000000e+05
7.608670000000000000e+05 7.991210000000000000e+05
5.049200000000000000e+05 8.563700000000000000e+05
5.292590000000000000e+05 8.502320000000000000e+05
4.550840000000000000e+05 5.775090000000000000e+05
3.658550000000000000e+05 2.520390000000000000e+05
6.191750000000000000e+05 8.790520000000000000e+05
5.077110000000000000e+05 8.566660000000000000e+05
8.140400000000000000e+05 7.982100000000000000e+05
4.237900000000000000e+05 1.025880000000000000e+05
4.416400000000000000e+05 5.573060000000000000e+05
8.107760000000000000e+05 2.556550000000000000e+05
6.333130000000000000e+05 7.559300000000000000e+05
6.733000000000000000e+05 1.596070000000000000e+05
5.417750000000000000e+05 4.268330000000000000e+05
2.894450000000000000e+05 6.884890000000000000e+05
1.994060000000000000e+05 4.565740000000000000e+05
5.918010000000000000e+05 6.140480000000000000e+05
4.272390000000000000e+05 1.522720000000000000e+05
4.515520000000000000e+05 5.930320000000000000e+05
5.363410000000000000e+05 5.032080000000000000e+05
5.606660000000000000e+05 2.094890000000000000e+05
5.351880000000000000e+05 5.339970000000000000e+05
4.607530000000000000e+05 3.430110000000000000e+05
3.985720000000000000e+05 3.708060000000000000e+05
2.130330000000000000e+05 4.832270000000000000e+05
7.738130000000000000e+05 1.226060000000000000e+05
6.859140000000000000e+05 1.467090000000000000e+05
3.562650000000000000e+05 1.172170000000000000e+05
3.586660000000000000e+05 3.691790000000000000e+05
8.275190000000000000e+05 5.239090000000000000e+05
4.581970000000000000e+05 3.054190000000000000e+05
8.165830000000000000e+05 2.856460000000000000e+05
8.040950000000000000e+05 8.064410000000000000e+05
3.689320000000000000e+05 3.909220000000000000e+05
6.859160000000000000e+05 9.151000000000000000e+04
5.888230000000000000e+05 3.912870000000000000e+05
6.904110000000000000e+05 5.041160000000000000e+05
2.278350000000000000e+05 4.830100000000000000e+05
3.772090000000000000e+05 4.122530000000000000e+05
4.520600000000000000e+05 6.186310000000000000e+05
1.573100000000000000e+05 2.363600000000000000e+05
5.136540000000000000e+05 9.364270000000000000e+05
8.441140000000000000e+05 6.197550000000000000e+05
5.562210000000000000e+05 9.134660000000000000e+05
1.498110000000000000e+05 2.615970000000000000e+05
7.178720000000000000e+05 1.667830000000000000e+05
8.089090000000000000e+05 2.445610000000000000e+05
8.096510000000000000e+05 2.435020000000000000e+05
3.584160000000000000e+05 3.804520000000000000e+05
8.161530000000000000e+05 2.434220000000000000e+05
3.756730000000000000e+05 3.343230000000000000e+05
3.752530000000000000e+05 1.878000000000000000e+05
2.279390000000000000e+05 4.922920000000000000e+05
4.456900000000000000e+05 6.142040000000000000e+05
7.813930000000000000e+05 4.968070000000000000e+05
3.425360000000000000e+05 3.859680000000000000e+05
2.814900000000000000e+05 7.077690000000000000e+05
7.141110000000000000e+05 5.096630000000000000e+05
1.553430000000000000e+05 5.165970000000000000e+05
3.780710000000000000e+05 3.766340000000000000e+05
2.392150000000000000e+05 1.556840000000000000e+05
8.039090000000000000e+05 1.434510000000000000e+05
7.663430000000000000e+05 4.707880000000000000e+05
5.431850000000000000e+05 4.490590000000000000e+05
4.430890000000000000e+05 5.994790000000000000e+05
4.740000000000000000e+05 3.731020000000000000e+05
3.550560000000000000e+05 4.367110000000000000e+05
4.629330000000000000e+05 9.329430000000000000e+05
5.546950000000000000e+05 2.501590000000000000e+05
4.524440000000000000e+05 5.727150000000000000e+05
3.874260000000000000e+05 4.174900000000000000e+05
7.769290000000000000e+05 1.758760000000000000e+05
5.050210000000000000e+05 7.266920000000000000e+05
8.352290000000000000e+05 2.319670000000000000e+05
4.509670000000000000e+05 1.766200000000000000e+05
7.336590000000000000e+05 8.462620000000000000e+05
1.516700000000000000e+05 2.412880000000000000e+05
1.506520000000000000e+05 4.325870000000000000e+05
1.603050000000000000e+05 3.942160000000000000e+05
2.575950000000000000e+05 7.423750000000000000e+05
8.361760000000000000e+05 6.390660000000000000e+05
8.388400000000000000e+05 2.903090000000000000e+05
1.548990000000000000e+05 2.367380000000000000e+05
6.412570000000000000e+05 7.150390000000000000e+05
5.391140000000000000e+05 3.148050000000000000e+05
1.654500000000000000e+05 2.297760000000000000e+05
5.658460000000000000e+05 2.448410000000000000e+05
1.552270000000000000e+05 2.378690000000000000e+05
2.505090000000000000e+05 2.055500000000000000e+05
2.462160000000000000e+05 4.858980000000000000e+05
8.699770000000000000e+05 2.173150000000000000e+05
5.318210000000000000e+05 7.349020000000000000e+05
5.217330000000000000e+05 2.881960000000000000e+05
2.001350000000000000e+05 4.904680000000000000e+05
2.098220000000000000e+05 5.315780000000000000e+05
4.207920000000000000e+05 1.181350000000000000e+05
8.002310000000000000e+05 2.320160000000000000e+05
5.718890000000000000e+05 7.349670000000000000e+05
6.361690000000000000e+05 7.066690000000000000e+05
6.366470000000000000e+05 1.156070000000000000e+05
2.057520000000000000e+05 4.611820000000000000e+05
2.982980000000000000e+05 4.125400000000000000e+05
1.964670000000000000e+05 4.492570000000000000e+05
2.749950000000000000e+05 7.772380000000000000e+05
8.500540000000000000e+05 7.758270000000000000e+05
2.204850000000000000e+05 4.769550000000000000e+05
5.516820000000000000e+05 9.362700000000000000e+05
8.479300000000000000e+05 6.395490000000000000e+05
5.034850000000000000e+05 2.255190000000000000e+05
6.569280000000000000e+05 4.271420000000000000e+05
4.448710000000000000e+05 6.184110000000000000e+05
4.730800000000000000e+05 8.385940000000000000e+05
4.454210000000000000e+05 6.112660000000000000e+05
4.275780000000000000e+05 1.777620000000000000e+05
5.779230000000000000e+05 2.086700000000000000e+05
6.938530000000000000e+05 4.831790000000000000e+05
1.672700000000000000e+05 2.562960000000000000e+05
4.484280000000000000e+05 8.342840000000000000e+05
6.810290000000000000e+05 8.573900000000000000e+04
3.843460000000000000e+05 1.704730000000000000e+05
4.701560000000000000e+05 8.276220000000000000e+05
4.485530000000000000e+05 3.866560000000000000e+05
7.475000000000000000e+05 1.569570000000000000e+05
3.661180000000000000e+05 4.058130000000000000e+05
7.476660000000000000e+05 4.788240000000000000e+05
5.969200000000000000e+05 2.273430000000000000e+05
7.320370000000000000e+05 5.218220000000000000e+05
7.783000000000000000e+05 4.956840000000000000e+05
8.282730000000000000e+05 8.004090000000000000e+05
6.514190000000000000e+05 6.678150000000000000e+05
4.891880000000000000e+05 9.461360000000000000e+05
6.192040000000000000e+05 2.037190000000000000e+05
6.805550000000000000e+05 6.460900000000000000e+05
6.877740000000000000e+05 1.634590000000000000e+05
4.277860000000000000e+05 6.158340000000000000e+05
4.438150000000000000e+05 6.147920000000000000e+05
8.086800000000000000e+05 7.967060000000000000e+05
8.011100000000000000e+05 8.097830000000000000e+05
7.368680000000000000e+05 5.918030000000000000e+05
3.666090000000000000e+05 3.675900000000000000e+05
3.587830000000000000e+05 2.283320000000000000e+05
1.560000000000000000e+05 3.784110000000000000e+05
2.907480000000000000e+05 1.292730000000000000e+05
7.791630000000000000e+05 7.915490000000000000e+05
8.175770000000000000e+05 5.997820000000000000e+05
7.374970000000000000e+05 4.452830000000000000e+05
5.081420000000000000e+05 8.447210000000000000e+05
1.953110000000000000e+05 4.267190000000000000e+05
6.053620000000000000e+05 7.510270000000000000e+05
6.849970000000000000e+05 1.421450000000000000e+05
9.031120000000000000e+05 7.486800000000000000e+05
3.959870000000000000e+05 2.457610000000000000e+05
5.686820000000000000e+05 2.349350000000000000e+05
1.356640000000000000e+05 2.496190000000000000e+05
7.070470000000000000e+05 4.118980000000000000e+05
5.644080000000000000e+05 2.478970000000000000e+05
4.483150000000000000e+05 6.089180000000000000e+05
6.695500000000000000e+05 6.534600000000000000e+04
3.789280000000000000e+05 1.743160000000000000e+05
6.009380000000000000e+05 6.324010000000000000e+05
1.434660000000000000e+05 2.326320000000000000e+05
5.776130000000000000e+05 2.803320000000000000e+05
1.151020000000000000e+05 4.590870000000000000e+05
8.066100000000000000e+05 8.145900000000000000e+05
6.361340000000000000e+05 6.773510000000000000e+05
8.177120000000000000e+05 6.209170000000000000e+05
8.351130000000000000e+05 6.381290000000000000e+05
8.052470000000000000e+05 6.429010000000000000e+05
7.903110000000000000e+05 7.812510000000000000e+05
1.293640000000000000e+05 2.691790000000000000e+05
8.351780000000000000e+05 6.478510000000000000e+05
4.109520000000000000e+05 1.189900000000000000e+05
3.257370000000000000e+05 2.546830000000000000e+05
6.770780000000000000e+05 1.323860000000000000e+05
8.044050000000000000e+05 2.444730000000000000e+05
3.819080000000000000e+05 1.666270000000000000e+05
2.423310000000000000e+05 5.058950000000000000e+05
3.774840000000000000e+05 1.756870000000000000e+05
5.089910000000000000e+05 8.604990000000000000e+05
7.499090000000000000e+05 4.951210000000000000e+05
4.649200000000000000e+05 9.106020000000000000e+05
7.795510000000000000e+05 2.835530000000000000e+05
7.670280000000000000e+05 2.260080000000000000e+05
3.076420000000000000e+05 7.688000000000000000e+05
7.980970000000000000e+05 7.920590000000000000e+05
3.719480000000000000e+05 1.638950000000000000e+05
2.016180000000000000e+05 2.303360000000000000e+05
3.811740000000000000e+05 3.528810000000000000e+05
7.516290000000000000e+05 1.248300000000000000e+05
1.990600000000000000e+05 5.191000000000000000e+05
6.771850000000000000e+05 1.487770000000000000e+05
1.492790000000000000e+05 2.474110000000000000e+05
8.971350000000000000e+05 6.780840000000000000e+05
5.609290000000000000e+05 4.888310000000000000e+05
6.784500000000000000e+05 1.543210000000000000e+05
8.492090000000000000e+05 7.924260000000000000e+05
3.920330000000000000e+05 8.235990000000000000e+05
4.359290000000000000e+05 6.178420000000000000e+05
1.952010000000000000e+05 5.485960000000000000e+05
5.550810000000000000e+05 3.749190000000000000e+05
8.314450000000000000e+05 7.736150000000000000e+05
6.122910000000000000e+05 1.314330000000000000e+05
8.321970000000000000e+05 6.407400000000000000e+05
8.084720000000000000e+05 2.413700000000000000e+05
8.182190000000000000e+05 4.587390000000000000e+05
8.082910000000000000e+05 6.316300000000000000e+05
3.746000000000000000e+05 2.096450000000000000e+05
7.177570000000000000e+05 5.029330000000000000e+05
6.720560000000000000e+05 1.423880000000000000e+05
2.025690000000000000e+05 5.005620000000000000e+05
1.420310000000000000e+05 4.990680000000000000e+05
8.261190000000000000e+05 2.737420000000000000e+05
5.399730000000000000e+05 4.350220000000000000e+05
6.127780000000000000e+05 2.038170000000000000e+05
7.551670000000000000e+05 2.243950000000000000e+05
7.482970000000000000e+05 5.147110000000000000e+05
7.255950000000000000e+05 4.989920000000000000e+05
4.429730000000000000e+05 6.099020000000000000e+05
8.009680000000000000e+05 8.112410000000000000e+05
4.761080000000000000e+05 8.468650000000000000e+05
1.939760000000000000e+05 4.669340000000000000e+05
7.025540000000000000e+05 5.355970000000000000e+05
1.384550000000000000e+05 4.778120000000000000e+05
