3.100000000000000000e+03 2.505000000000000000e+03
3.373000000000000000e+03 2.779000000000000000e+03
1.803000000000000000e+03 2.801000000000000000e+03
1.878000000000000000e+03 2.615000000000000000e+03
2.044000000000000000e+03 2.422000000000000000e+03
2.084000000000000000e+03 2.350000000000000000e+03
1.991000000000000000e+03 2.163000000000000000e+03
3.002000000000000000e+03 2.612000000000000000e+03
3.368000000000000000e+03 2.482000000000000000e+03
1.902000000000000000e+03 2.052000000000000000e+03
2.136000000000000000e+03 2.382000000000000000e+03
2.053000000000000000e+03 2.305000000000000000e+03
3.206000000000000000e+03 2.093000000000000000e+03
3.238000000000000000e+03 2.129000000000000000e+03
3.170000000000000000e+03 2.097000000000000000e+03
1.803000000000000000e+03 2.213000000000000000e+03
1.865000000000000000e+03 2.507000000000000000e+03
2.166000000000000000e+03 2.320000000000000000e+03
2.186000000000000000e+03 2.306000000000000000e+03
1.865000000000000000e+03 2.071000000000000000e+03
3.200000000000000000e+03 2.170000000000000000e+03
2.171000000000000000e+03 2.353000000000000000e+03
3.168000000000000000e+03 2.045000000000000000e+03
3.130000000000000000e+03 2.184000000000000000e+03
3.266000000000000000e+03 2.437000000000000000e+03
3.235000000000000000e+03 2.242000000000000000e+03
2.124000000000000000e+03 2.393000000000000000e+03
1.934000000000000000e+03 2.631000000000000000e+03
3.175000000000000000e+03 2.146000000000000000e+03
3.200000000000000000e+03 2.259000000000000000e+03
2.062000000000000000e+03 2.348000000000000000e+03
1.825000000000000000e+03 2.114000000000000000e+03
3.167000000000000000e+03 2.186000000000000000e+03
1.665000000000000000e+03 2.333000000000000000e+03
3.367000000000000000e+03 2.641000000000000000e+03
3.209000000000000000e+03 2.099000000000000000e+03
2.140000000000000000e+03 2.382000000000000000e+03
1.797000000000000000e+03 2.532000000000000000e+03
3.177000000000000000e+03 2.193000000000000000e+03
2.199000000000000000e+03 2.427000000000000000e+03
1.892000000000000000e+03 2.715000000000000000e+03
2.017000000000000000e+03 2.267000000000000000e+03
3.186000000000000000e+03 2.529000000000000000e+03
1.783000000000000000e+03 2.131000000000000000e+03
3.143000000000000000e+03 2.640000000000000000e+03
1.925000000000000000e+03 2.444000000000000000e+03
1.802000000000000000e+03 2.573000000000000000e+03
3.221000000000000000e+03 2.648000000000000000e+03
1.850000000000000000e+03 1.973000000000000000e+03
1.851000000000000000e+03 2.477000000000000000e+03
1.939000000000000000e+03 2.612000000000000000e+03
1.978000000000000000e+03 2.120000000000000000e+03
2.093000000000000000e+03 2.467000000000000000e+03
1.845000000000000000e+03 2.446000000000000000e+03
1.810000000000000000e+03 2.258000000000000000e+03
3.237000000000000000e+03 2.561000000000000000e+03
2.008000000000000000e+03 2.572000000000000000e+03
3.342000000000000000e+03 2.593000000000000000e+03
2.085000000000000000e+03 2.348000000000000000e+03
3.139000000000000000e+03 2.565000000000000000e+03
1.876000000000000000e+03 2.623000000000000000e+03
3.141000000000000000e+03 2.198000000000000000e+03
1.918000000000000000e+03 2.500000000000000000e+03
1.898000000000000000e+03 2.647000000000000000e+03
1.864000000000000000e+03 2.659000000000000000e+03
2.128000000000000000e+03 2.317000000000000000e+03
3.091000000000000000e+03 2.436000000000000000e+03
3.227000000000000000e+03 2.670000000000000000e+03
2.082000000000000000e+03 2.348000000000000000e+03
3.162000000000000000e+03 2.723000000000000000e+03
3.231000000000000000e+03 2.550000000000000000e+03
1.846000000000000000e+03 2.552000000000000000e+03
3.195000000000000000e+03 2.080000000000000000e+03
1.898000000000000000e+03 2.281000000000000000e+03
3.209000000000000000e+03 2.178000000000000000e+03
1.991000000000000000e+03 2.334000000000000000e+03
3.264000000000000000e+03 2.463000000000000000e+03
3.256000000000000000e+03 2.184000000000000000e+03
1.823000000000000000e+03 2.564000000000000000e+03
1.851000000000000000e+03 2.089000000000000000e+03
1.845000000000000000e+03 1.999000000000000000e+03
1.834000000000000000e+03 2.563000000000000000e+03
1.935000000000000000e+03 2.435000000000000000e+03
2.097000000000000000e+03 2.401000000000000000e+03
1.781000000000000000e+03 2.583000000000000000e+03
3.189000000000000000e+03 2.675000000000000000e+03
1.736000000000000000e+03 2.609000000000000000e+03
1.812000000000000000e+03 2.535000000000000000e+03
3.165000000000000000e+03 2.586000000000000000e+03
1.748000000000000000e+03 2.292000000000000000e+03
1.895000000000000000e+03 2.103000000000000000e+03
2.183000000000000000e+03 2.412000000000000000e+03
1.829000000000000000e+03 2.540000000000000000e+03
2.180000000000000000e+03 2.325000000000000000e+03
1.863000000000000000e+03 1.995000000000000000e+03
1.794000000000000000e+03 2.591000000000000000e+03
1.894000000000000000e+03 2.614000000000000000e+03
1.986000000000000000e+03 2.354000000000000000e+03
3.148000000000000000e+03 2.610000000000000000e+03
1.873000000000000000e+03 2.638000000000000000e+03
1.731000000000000000e+03 2.160000000000000000e+03
1.871000000000000000e+03 2.082000000000000000e+03
2.101000000000000000e+03 2.389000000000000000e+03
1.943000000000000000e+03 2.541000000000000000e+03
3.132000000000000000e+03 2.050000000000000000e+03
3.372000000000000000e+03 2.693000000000000000e+03
3.231000000000000000e+03 2.696000000000000000e+03
3.221000000000000000e+03 2.631000000000000000e+03
3.137000000000000000e+03 2.181000000000000000e+03
2.051000000000000000e+03 2.252000000000000000e+03
3.196000000000000000e+03 2.104000000000000000e+03
3.185000000000000000e+03 2.548000000000000000e+03
1.864000000000000000e+03 2.489000000000000000e+03
3.265000000000000000e+03 2.222000000000000000e+03
3.146000000000000000e+03 2.773000000000000000e+03
1.818000000000000000e+03 2.170000000000000000e+03
1.816000000000000000e+03 2.299000000000000000e+03
3.219000000000000000e+03 2.110000000000000000e+03
3.320000000000000000e+03 2.606000000000000000e+03
1.762000000000000000e+03 2.366000000000000000e+03
2.175000000000000000e+03 2.403000000000000000e+03
2.029000000000000000e+03 2.346000000000000000e+03
3.320000000000000000e+03 2.197000000000000000e+03
3.329000000000000000e+03 2.524000000000000000e+03
3.203000000000000000e+03 2.514000000000000000e+03
1.756000000000000000e+03 2.562000000000000000e+03
3.180000000000000000e+03 2.122000000000000000e+03
3.327000000000000000e+03 2.522000000000000000e+03
1.910000000000000000e+03 2.275000000000000000e+03
1.917000000000000000e+03 2.158000000000000000e+03
1.910000000000000000e+03 2.559000000000000000e+03
3.335000000000000000e+03 2.473000000000000000e+03
2.036000000000000000e+03 2.387000000000000000e+03
3.240000000000000000e+03 2.060000000000000000e+03
1.681000000000000000e+03 2.067000000000000000e+03
2.154000000000000000e+03 2.318000000000000000e+03
3.096000000000000000e+03 2.653000000000000000e+03
3.232000000000000000e+03 2.197000000000000000e+03
3.314000000000000000e+03 2.033000000000000000e+03
3.241000000000000000e+03 2.469000000000000000e+03
1.885000000000000000e+03 2.647000000000000000e+03
2.092000000000000000e+03 2.314000000000000000e+03
3.364000000000000000e+03 2.577000000000000000e+03
3.252000000000000000e+03 2.688000000000000000e+03
2.168000000000000000e+03 2.486000000000000000e+03
3.133000000000000000e+03 2.689000000000000000e+03
3.408000000000000000e+03 2.718000000000000000e+03
3.181000000000000000e+03 2.577000000000000000e+03
1.953000000000000000e+03 2.128000000000000000e+03
1.875000000000000000e+03 2.083000000000000000e+03
2.031000000000000000e+03 2.376000000000000000e+03
1.839000000000000000e+03 2.093000000000000000e+03
3.257000000000000000e+03 2.115000000000000000e+03
3.142000000000000000e+03 2.499000000000000000e+03
1.907000000000000000e+03 2.543000000000000000e+03
1.808000000000000000e+03 2.554000000000000000e+03
3.140000000000000000e+03 2.119000000000000000e+03
1.803000000000000000e+03 2.201000000000000000e+03
3.207000000000000000e+03 2.745000000000000000e+03
1.978000000000000000e+03 2.058000000000000000e+03
2.128000000000000000e+03 2.367000000000000000e+03
2.184000000000000000e+03 2.242000000000000000e+03
1.908000000000000000e+03 2.055000000000000000e+03
3.300000000000000000e+03 2.624000000000000000e+03
3.227000000000000000e+03 2.077000000000000000e+03
2.242000000000000000e+03 2.323000000000000000e+03
1.837000000000000000e+03 2.528000000000000000e+03
3.243000000000000000e+03 2.591000000000000000e+03
1.931000000000000000e+03 2.170000000000000000e+03
3.258000000000000000e+03 2.220000000000000000e+03
1.836000000000000000e+03 2.207000000000000000e+03
1.794000000000000000e+03 2.268000000000000000e+03
2.066000000000000000e+03 2.348000000000000000e+03
1.895000000000000000e+03 2.091000000000000000e+03
1.795000000000000000e+03 2.224000000000000000e+03
2.028000000000000000e+03 2.067000000000000000e+03
1.985000000000000000e+03 2.514000000000000000e+03
3.060000000000000000e+03 2.643000000000000000e+03
1.809000000000000000e+03 2.556000000000000000e+03
1.729000000000000000e+03 2.094000000000000000e+03
3.221000000000000000e+03 2.182000000000000000e+03
2.237000000000000000e+03 2.386000000000000000e+03
3.212000000000000000e+03 2.574000000000000000e+03
2.046000000000000000e+03 2.287000000000000000e+03
1.884000000000000000e+03 2.595000000000000000e+03
3.062000000000000000e+03 2.536000000000000000e+03
1.876000000000000000e+03 2.093000000000000000e+03
3.210000000000000000e+03 2.643000000000000000e+03
3.215000000000000000e+03 2.050000000000000000e+03
3.186000000000000000e+03 2.246000000000000000e+03
3.239000000000000000e+03 2.113000000000000000e+03
2.170000000000000000e+03 2.356000000000000000e+03
3.210000000000000000e+03 2.110000000000000000e+03
3.168000000000000000e+03 2.110000000000000000e+03
1.710000000000000000e+03 2.031000000000000000e+03
1.846000000000000000e+03 1.999000000000000000e+03
3.263000000000000000e+03 2.721000000000000000e+03
1.728000000000000000e+03 2.059000000000000000e+03
3.295000000000000000e+03 2.108000000000000000e+03
3.220000000000000000e+03 2.106000000000000000e+03
3.259000000000000000e+03 2.163000000000000000e+03
2.188000000000000000e+03 2.380000000000000000e+03
2.204000000000000000e+03 2.450000000000000000e+03
1.996000000000000000e+03 2.395000000000000000e+03
3.220000000000000000e+03 2.034000000000000000e+03
1.841000000000000000e+03 2.531000000000000000e+03
3.181000000000000000e+03 2.045000000000000000e+03
1.774000000000000000e+03 2.532000000000000000e+03
2.118000000000000000e+03 2.345000000000000000e+03
3.184000000000000000e+03 2.129000000000000000e+03
3.206000000000000000e+03 2.055000000000000000e+03
3.250000000000000000e+03 2.141000000000000000e+03
3.259000000000000000e+03 2.554000000000000000e+03
2.028000000000000000e+03 2.319000000000000000e+03
2.089000000000000000e+03 2.408000000000000000e+03
1.792000000000000000e+03 2.135000000000000000e+03
2.089000000000000000e+03 2.396000000000000000e+03
3.269000000000000000e+03 2.142000000000000000e+03
2.153000000000000000e+03 2.324000000000000000e+03
2.100000000000000000e+03 2.441000000000000000e+03
3.200000000000000000e+03 2.729000000000000000e+03
1.932000000000000000e+03 2.585000000000000000e+03
3.126000000000000000e+03 2.549000000000000000e+03
1.674000000000000000e+03 2.122000000000000000e+03
3.189000000000000000e+03 2.109000000000000000e+03
2.096000000000000000e+03 2.411000000000000000e+03
3.198000000000000000e+03 2.650000000000000000e+03
3.244000000000000000e+03 2.159000000000000000e+03
2.038000000000000000e+03 2.031000000000000000e+03
3.241000000000000000e+03 2.588000000000000000e+03
1.716000000000000000e+03 1.984000000000000000e+03
2.084000000000000000e+03 2.333000000000000000e+03
1.934000000000000000e+03 2.091000000000000000e+03
2.015000000000000000e+03 2.150000000000000000e+03
3.207000000000000000e+03 2.142000000000000000e+03
1.792000000000000000e+03 2.468000000000000000e+03
2.991000000000000000e+03 2.442000000000000000e+03
1.660000000000000000e+03 2.511000000000000000e+03
1.870000000000000000e+03 2.458000000000000000e+03
2.021000000000000000e+03 2.492000000000000000e+03
1.872000000000000000e+03 2.538000000000000000e+03
2.010000000000000000e+03 2.358000000000000000e+03
1.842000000000000000e+03 2.580000000000000000e+03
3.194000000000000000e+03 2.129000000000000000e+03
1.696000000000000000e+03 2.042000000000000000e+03
1.910000000000000000e+03 2.571000000000000000e+03
1.887000000000000000e+03 2.495000000000000000e+03
1.704000000000000000e+03 2.594000000000000000e+03
1.849000000000000000e+03 2.333000000000000000e+03
3.241000000000000000e+03 2.117000000000000000e+03
3.402000000000000000e+03 2.646000000000000000e+03
1.682000000000000000e+03 1.985000000000000000e+03
2.073000000000000000e+03 2.484000000000000000e+03
1.879000000000000000e+03 2.453000000000000000e+03
1.879000000000000000e+03 2.144000000000000000e+03
1.762000000000000000e+03 2.744000000000000000e+03
1.878000000000000000e+03 1.846000000000000000e+03
1.779000000000000000e+03 2.079000000000000000e+03
1.881000000000000000e+03 2.473000000000000000e+03
3.306000000000000000e+03 2.556000000000000000e+03
3.149000000000000000e+03 2.002000000000000000e+03
1.767000000000000000e+03 1.960000000000000000e+03
3.201000000000000000e+03 2.149000000000000000e+03
2.116000000000000000e+03 2.449000000000000000e+03
1.801000000000000000e+03 2.190000000000000000e+03
2.127000000000000000e+03 2.376000000000000000e+03
1.924000000000000000e+03 2.175000000000000000e+03
3.151000000000000000e+03 2.138000000000000000e+03
2.135000000000000000e+03 2.297000000000000000e+03
3.162000000000000000e+03 2.240000000000000000e+03
2.151000000000000000e+03 2.287000000000000000e+03
1.877000000000000000e+03 1.963000000000000000e+03
3.132000000000000000e+03 2.550000000000000000e+03
1.834000000000000000e+03 2.064000000000000000e+03
3.181000000000000000e+03 2.754000000000000000e+03
1.868000000000000000e+03 2.678000000000000000e+03
3.209000000000000000e+03 2.257000000000000000e+03
3.221000000000000000e+03 2.381000000000000000e+03
1.940000000000000000e+03 2.575000000000000000e+03
3.124000000000000000e+03 2.093000000000000000e+03
2.104000000000000000e+03 2.323000000000000000e+03
3.200000000000000000e+03 2.179000000000000000e+03
3.224000000000000000e+03 2.120000000000000000e+03
3.220000000000000000e+03 2.525000000000000000e+03
3.161000000000000000e+03 2.092000000000000000e+03
3.133000000000000000e+03 2.141000000000000000e+03
2.117000000000000000e+03 2.357000000000000000e+03
1.884000000000000000e+03 2.567000000000000000e+03
1.765000000000000000e+03 2.061000000000000000e+03
3.262000000000000000e+03 2.581000000000000000e+03
2.023000000000000000e+03 2.360000000000000000e+03
1.852000000000000000e+03 2.437000000000000000e+03
2.029000000000000000e+03 2.390000000000000000e+03
2.105000000000000000e+03 2.305000000000000000e+03
3.302000000000000000e+03 2.609000000000000000e+03
1.885000000000000000e+03 2.107000000000000000e+03
1.890000000000000000e+03 2.627000000000000000e+03
3.251000000000000000e+03 2.423000000000000000e+03
3.271000000000000000e+03 2.581000000000000000e+03
1.869000000000000000e+03 2.020000000000000000e+03
