1.834490000000000000e+05 3.814900000000000000e+05
2.283490000000000000e+05 3.529450000000000000e+05
1.859020000000000000e+05 3.852430000000000000e+05
1.835370000000000000e+05 3.815510000000000000e+05
2.283700000000000000e+05 3.485590000000000000e+05
2.306380000000000000e+05 3.496410000000000000e+05
1.783190000000000000e+05 3.797800000000000000e+05
2.167670000000000000e+05 3.976430000000000000e+05
2.267970000000000000e+05 3.437050000000000000e+05
2.259410000000000000e+05 3.512830000000000000e+05
1.854060000000000000e+05 3.748090000000000000e+05
2.299670000000000000e+05 3.526830000000000000e+05
2.327900000000000000e+05 3.490940000000000000e+05
1.811560000000000000e+05 3.815210000000000000e+05
2.283550000000000000e+05 3.433870000000000000e+05
1.515350000000000000e+05 3.479290000000000000e+05
1.445810000000000000e+05 3.471460000000000000e+05
1.773200000000000000e+05 3.797170000000000000e+05
1.491210000000000000e+05 3.501720000000000000e+05
1.840520000000000000e+05 3.825050000000000000e+05
1.463870000000000000e+05 3.491890000000000000e+05
1.598440000000000000e+05 3.050630000000000000e+05
2.296420000000000000e+05 3.518700000000000000e+05
1.795710000000000000e+05 3.819280000000000000e+05
2.295510000000000000e+05 3.515710000000000000e+05
2.299480000000000000e+05 3.482850000000000000e+05
1.758680000000000000e+05 3.844830000000000000e+05
1.812360000000000000e+05 3.745340000000000000e+05
1.451180000000000000e+05 3.482990000000000000e+05
1.444650000000000000e+05 3.526170000000000000e+05
2.141960000000000000e+05 3.863760000000000000e+05
1.823420000000000000e+05 3.782310000000000000e+05
1.534740000000000000e+05 3.507990000000000000e+05
1.773580000000000000e+05 3.782110000000000000e+05
1.471690000000000000e+05 3.472260000000000000e+05
1.809300000000000000e+05 3.759280000000000000e+05
1.858770000000000000e+05 3.312880000000000000e+05
1.796670000000000000e+05 3.865150000000000000e+05
1.850550000000000000e+05 3.781800000000000000e+05
1.473160000000000000e+05 3.515460000000000000e+05
1.788640000000000000e+05 3.753750000000000000e+05
2.267050000000000000e+05 3.467470000000000000e+05
1.539540000000000000e+05 3.441300000000000000e+05
1.255640000000000000e+05 3.981140000000000000e+05
1.513030000000000000e+05 3.532680000000000000e+05
2.334130000000000000e+05 3.522790000000000000e+05
1.464420000000000000e+05 3.516780000000000000e+05
1.808370000000000000e+05 3.789880000000000000e+05
1.452110000000000000e+05 3.471180000000000000e+05
1.808310000000000000e+05 3.396730000000000000e+05
2.390570000000000000e+05 3.576080000000000000e+05
1.741400000000000000e+05 3.774950000000000000e+05
1.513040000000000000e+05 3.477620000000000000e+05
2.320980000000000000e+05 3.492110000000000000e+05
1.529330000000000000e+05 3.460250000000000000e+05
2.299530000000000000e+05 3.498050000000000000e+05
2.366140000000000000e+05 3.507270000000000000e+05
1.834680000000000000e+05 3.796470000000000000e+05
2.336620000000000000e+05 3.482990000000000000e+05
2.279990000000000000e+05 3.504300000000000000e+05
1.784250000000000000e+05 3.828100000000000000e+05
2.345160000000000000e+05 3.499800000000000000e+05
1.471390000000000000e+05 3.479120000000000000e+05
2.344810000000000000e+05 3.551410000000000000e+05
1.863610000000000000e+05 3.823540000000000000e+05
2.284250000000000000e+05 3.464650000000000000e+05
2.304980000000000000e+05 3.448300000000000000e+05
1.776530000000000000e+05 3.809410000000000000e+05
1.497760000000000000e+05 3.476230000000000000e+05
2.245320000000000000e+05 2.933060000000000000e+05
2.299030000000000000e+05 3.503980000000000000e+05
1.515740000000000000e+05 3.514280000000000000e+05
1.815200000000000000e+05 3.780350000000000000e+05
1.775900000000000000e+05 3.089690000000000000e+05
1.804540000000000000e+05 3.780020000000000000e+05
1.776770000000000000e+05 3.816080000000000000e+05
2.291240000000000000e+05 3.487660000000000000e+05
1.520480000000000000e+05 3.493530000000000000e+05
1.493070000000000000e+05 3.518170000000000000e+05
2.280120000000000000e+05 3.455400000000000000e+05
1.480240000000000000e+05 3.484440000000000000e+05
1.794790000000000000e+05 3.826620000000000000e+05
1.773280000000000000e+05 3.803710000000000000e+05
1.475640000000000000e+05 3.447120000000000000e+05
1.465560000000000000e+05 3.558300000000000000e+05
1.495160000000000000e+05 3.052320000000000000e+05
1.827420000000000000e+05 3.831500000000000000e+05
1.516950000000000000e+05 3.535800000000000000e+05
1.820350000000000000e+05 3.840490000000000000e+05
1.805220000000000000e+05 3.792430000000000000e+05
1.790260000000000000e+05 3.795220000000000000e+05
1.409650000000000000e+05 3.817190000000000000e+05
1.551690000000000000e+05 3.520720000000000000e+05
1.854590000000000000e+05 3.807320000000000000e+05
1.788660000000000000e+05 3.798420000000000000e+05
1.488460000000000000e+05 3.411650000000000000e+05
1.492460000000000000e+05 3.492950000000000000e+05
1.766850000000000000e+05 3.791410000000000000e+05
2.351850000000000000e+05 3.563330000000000000e+05
1.781700000000000000e+05 3.802700000000000000e+05
1.768840000000000000e+05 3.792660000000000000e+05
2.338700000000000000e+05 3.529250000000000000e+05
1.776900000000000000e+05 3.770890000000000000e+05
2.272110000000000000e+05 3.519800000000000000e+05
1.751860000000000000e+05 3.801580000000000000e+05
1.526100000000000000e+05 3.516140000000000000e+05
1.793420000000000000e+05 3.729100000000000000e+05
1.498190000000000000e+05 3.464480000000000000e+05
2.316290000000000000e+05 3.464800000000000000e+05
1.447180000000000000e+05 3.487170000000000000e+05
2.286230000000000000e+05 3.500150000000000000e+05
1.872940000000000000e+05 3.877840000000000000e+05
1.457310000000000000e+05 3.494980000000000000e+05
1.926160000000000000e+05 3.326200000000000000e+05
2.263000000000000000e+05 3.409600000000000000e+05
1.815590000000000000e+05 3.847920000000000000e+05
1.795130000000000000e+05 3.828330000000000000e+05
2.316800000000000000e+05 3.447710000000000000e+05
1.434010000000000000e+05 3.159720000000000000e+05
2.265540000000000000e+05 3.461140000000000000e+05
1.262720000000000000e+05 3.092070000000000000e+05
1.492010000000000000e+05 3.555190000000000000e+05
1.474940000000000000e+05 3.455380000000000000e+05
1.812650000000000000e+05 3.803580000000000000e+05
1.422350000000000000e+05 3.931060000000000000e+05
1.121820000000000000e+05 4.112460000000000000e+05
1.488540000000000000e+05 3.552390000000000000e+05
2.139230000000000000e+05 4.073120000000000000e+05
1.441610000000000000e+05 3.203210000000000000e+05
1.528810000000000000e+05 3.540780000000000000e+05
1.455320000000000000e+05 3.531600000000000000e+05
1.768200000000000000e+05 3.788900000000000000e+05
1.502960000000000000e+05 3.545830000000000000e+05
2.326460000000000000e+05 3.488070000000000000e+05
1.897220000000000000e+05 3.758010000000000000e+05
2.250100000000000000e+05 3.464870000000000000e+05
1.810610000000000000e+05 3.851060000000000000e+05
1.530760000000000000e+05 3.476910000000000000e+05
1.439690000000000000e+05 3.520560000000000000e+05
1.808330000000000000e+05 3.778280000000000000e+05
1.528910000000000000e+05 3.480870000000000000e+05
1.740240000000000000e+05 3.792150000000000000e+05
1.792120000000000000e+05 3.835730000000000000e+05
2.326160000000000000e+05 3.470230000000000000e+05
2.296280000000000000e+05 3.550820000000000000e+05
2.278500000000000000e+05 3.449510000000000000e+05
2.308380000000000000e+05 3.486110000000000000e+05
2.302550000000000000e+05 3.507200000000000000e+05
1.722870000000000000e+05 3.806570000000000000e+05
2.321350000000000000e+05 3.503670000000000000e+05
1.514120000000000000e+05 3.053700000000000000e+05
1.498610000000000000e+05 3.500400000000000000e+05
1.497170000000000000e+05 3.518780000000000000e+05
1.477640000000000000e+05 3.468680000000000000e+05
1.815150000000000000e+05 3.782730000000000000e+05
1.755250000000000000e+05 3.763590000000000000e+05
1.271350000000000000e+05 4.004630000000000000e+05
1.752300000000000000e+05 3.782060000000000000e+05
2.259320000000000000e+05 3.462960000000000000e+05
2.346850000000000000e+05 3.540590000000000000e+05
1.771470000000000000e+05 3.751370000000000000e+05
1.492620000000000000e+05 3.541840000000000000e+05
1.455070000000000000e+05 3.470500000000000000e+05
1.509750000000000000e+05 3.472550000000000000e+05
1.557490000000000000e+05 3.494600000000000000e+05
1.745460000000000000e+05 3.752960000000000000e+05
2.355680000000000000e+05 3.464330000000000000e+05
2.298830000000000000e+05 3.532180000000000000e+05
1.516290000000000000e+05 3.578100000000000000e+05
1.495070000000000000e+05 3.437220000000000000e+05
1.785080000000000000e+05 3.776660000000000000e+05
1.483720000000000000e+05 3.511770000000000000e+05
1.827180000000000000e+05 3.807400000000000000e+05
2.265390000000000000e+05 3.537310000000000000e+05
1.838420000000000000e+05 3.797250000000000000e+05
1.815800000000000000e+05 3.800170000000000000e+05
1.789220000000000000e+05 3.803360000000000000e+05
2.336520000000000000e+05 3.498910000000000000e+05
1.497510000000000000e+05 3.497690000000000000e+05
2.279630000000000000e+05 3.503150000000000000e+05
1.486710000000000000e+05 3.589530000000000000e+05
1.787710000000000000e+05 3.769470000000000000e+05
2.321790000000000000e+05 3.511870000000000000e+05
1.733960000000000000e+05 3.782160000000000000e+05
2.317260000000000000e+05 3.539980000000000000e+05
1.820170000000000000e+05 3.814200000000000000e+05
1.716570000000000000e+05 3.824010000000000000e+05
1.504990000000000000e+05 3.506570000000000000e+05
1.749830000000000000e+05 3.833090000000000000e+05
1.370230000000000000e+05 3.905880000000000000e+05
1.502220000000000000e+05 3.429450000000000000e+05
2.312170000000000000e+05 3.531690000000000000e+05
2.407130000000000000e+05 3.502970000000000000e+05
1.447430000000000000e+05 3.563470000000000000e+05
1.786870000000000000e+05 3.806360000000000000e+05
1.784630000000000000e+05 3.791550000000000000e+05
1.517720000000000000e+05 3.475710000000000000e+05
1.784790000000000000e+05 3.776380000000000000e+05
1.827440000000000000e+05 3.780760000000000000e+05
1.781220000000000000e+05 3.807280000000000000e+05
1.838620000000000000e+05 3.745240000000000000e+05
2.296770000000000000e+05 3.491880000000000000e+05
1.456960000000000000e+05 3.481010000000000000e+05
2.265300000000000000e+05 3.491470000000000000e+05
1.490630000000000000e+05 3.512190000000000000e+05
1.778340000000000000e+05 3.830450000000000000e+05
1.481580000000000000e+05 3.546680000000000000e+05
1.766780000000000000e+05 3.821480000000000000e+05
1.872630000000000000e+05 3.806440000000000000e+05
2.311290000000000000e+05 3.501760000000000000e+05
2.263580000000000000e+05 3.433710000000000000e+05
1.498260000000000000e+05 3.510090000000000000e+05
2.310440000000000000e+05 3.476690000000000000e+05
1.497120000000000000e+05 3.503620000000000000e+05
1.828060000000000000e+05 3.760820000000000000e+05
2.312080000000000000e+05 3.478970000000000000e+05
1.822010000000000000e+05 3.789860000000000000e+05
2.305680000000000000e+05 3.496620000000000000e+05
1.412850000000000000e+05 4.118310000000000000e+05
1.833720000000000000e+05 3.808460000000000000e+05
2.297740000000000000e+05 3.561690000000000000e+05
2.558050000000000000e+05 4.027810000000000000e+05
2.306990000000000000e+05 3.481820000000000000e+05
2.272200000000000000e+05 3.459970000000000000e+05
2.290780000000000000e+05 3.495950000000000000e+05
1.488860000000000000e+05 3.443410000000000000e+05
1.966030000000000000e+05 3.201830000000000000e+05
1.489670000000000000e+05 3.501630000000000000e+05
1.800770000000000000e+05 3.790020000000000000e+05
2.300210000000000000e+05 3.509100000000000000e+05
2.301810000000000000e+05 3.518110000000000000e+05
1.805310000000000000e+05 3.783760000000000000e+05
2.268880000000000000e+05 3.486250000000000000e+05
2.257280000000000000e+05 3.529860000000000000e+05
2.316190000000000000e+05 3.529900000000000000e+05
1.481970000000000000e+05 3.491930000000000000e+05
2.452420000000000000e+05 2.894620000000000000e+05
1.481260000000000000e+05 3.528510000000000000e+05
2.312990000000000000e+05 3.506420000000000000e+05
2.406370000000000000e+05 2.984160000000000000e+05
1.486340000000000000e+05 3.506640000000000000e+05
2.310060000000000000e+05 3.523610000000000000e+05
2.317790000000000000e+05 3.562660000000000000e+05
1.512570000000000000e+05 3.508760000000000000e+05
2.320150000000000000e+05 3.487440000000000000e+05
2.290210000000000000e+05 3.519480000000000000e+05
1.505920000000000000e+05 3.519380000000000000e+05
2.351460000000000000e+05 3.462500000000000000e+05
2.309320000000000000e+05 3.523590000000000000e+05
2.466750000000000000e+05 3.023060000000000000e+05
1.492820000000000000e+05 3.450260000000000000e+05
1.556440000000000000e+05 3.494810000000000000e+05
1.473160000000000000e+05 3.520640000000000000e+05
2.334830000000000000e+05 3.530820000000000000e+05
1.484030000000000000e+05 3.508640000000000000e+05
2.220370000000000000e+05 4.005400000000000000e+05
1.788930000000000000e+05 3.805070000000000000e+05
2.322870000000000000e+05 3.489880000000000000e+05
1.493740000000000000e+05 3.469130000000000000e+05
1.529550000000000000e+05 3.538260000000000000e+05
2.280920000000000000e+05 3.504890000000000000e+05
1.522030000000000000e+05 3.530790000000000000e+05
1.483080000000000000e+05 3.525980000000000000e+05
1.494280000000000000e+05 3.512610000000000000e+05
1.711710000000000000e+05 3.795720000000000000e+05
2.379250000000000000e+05 3.498330000000000000e+05
2.313570000000000000e+05 3.511160000000000000e+05
1.818060000000000000e+05 3.739570000000000000e+05
2.288140000000000000e+05 3.488190000000000000e+05
2.268030000000000000e+05 3.475020000000000000e+05
1.749630000000000000e+05 3.807340000000000000e+05
1.839550000000000000e+05 3.753800000000000000e+05
1.489240000000000000e+05 3.524980000000000000e+05
1.821500000000000000e+05 3.836050000000000000e+05
1.839050000000000000e+05 3.817730000000000000e+05
1.805090000000000000e+05 3.815560000000000000e+05
1.796160000000000000e+05 3.820200000000000000e+05
2.294760000000000000e+05 3.463660000000000000e+05
1.450780000000000000e+05 3.460100000000000000e+05
1.779790000000000000e+05 3.788220000000000000e+05
2.303130000000000000e+05 3.476780000000000000e+05
1.793070000000000000e+05 3.833200000000000000e+05
1.810690000000000000e+05 3.794650000000000000e+05
2.291880000000000000e+05 3.514930000000000000e+05
2.267090000000000000e+05 3.526050000000000000e+05
1.333330000000000000e+05 3.865030000000000000e+05
1.857930000000000000e+05 3.799130000000000000e+05
2.284690000000000000e+05 3.482990000000000000e+05
1.504550000000000000e+05 3.482310000000000000e+05
2.259620000000000000e+05 3.448400000000000000e+05
2.237980000000000000e+05 3.478000000000000000e+05
2.450130000000000000e+05 3.112120000000000000e+05
1.491190000000000000e+05 3.524800000000000000e+05
1.502470000000000000e+05 3.499970000000000000e+05
1.473190000000000000e+05 3.518880000000000000e+05
1.835140000000000000e+05 3.790640000000000000e+05
1.508400000000000000e+05 3.519020000000000000e+05
1.570430000000000000e+05 3.488820000000000000e+05
1.503270000000000000e+05 3.547260000000000000e+05
2.285110000000000000e+05 3.531910000000000000e+05
1.815670000000000000e+05 3.159590000000000000e+05
2.304890000000000000e+05 3.491390000000000000e+05
1.476320000000000000e+05 3.499990000000000000e+05
1.528100000000000000e+05 3.460400000000000000e+05
1.793190000000000000e+05 3.727650000000000000e+05
1.767310000000000000e+05 3.836300000000000000e+05
1.741230000000000000e+05 3.807050000000000000e+05
1.840630000000000000e+05 3.835080000000000000e+05
1.450510000000000000e+05 3.508130000000000000e+05
1.743350000000000000e+05 3.757900000000000000e+05
1.471390000000000000e+05 3.527250000000000000e+05
2.290560000000000000e+05 3.525510000000000000e+05
2.243650000000000000e+05 3.525160000000000000e+05
1.835560000000000000e+05 3.873720000000000000e+05
2.325540000000000000e+05 3.508970000000000000e+05
1.887010000000000000e+05 3.238060000000000000e+05
2.309990000000000000e+05 3.538970000000000000e+05
2.288890000000000000e+05 2.951720000000000000e+05
1.472600000000000000e+05 3.498840000000000000e+05
1.536430000000000000e+05 3.480560000000000000e+05
2.292530000000000000e+05 3.518800000000000000e+05
2.312530000000000000e+05 3.542900000000000000e+05
1.802170000000000000e+05 3.788900000000000000e+05
2.275550000000000000e+05 3.485470000000000000e+05
2.295080000000000000e+05 3.475140000000000000e+05
1.366290000000000000e+05 3.910340000000000000e+05
2.301680000000000000e+05 3.421720000000000000e+05
1.557990000000000000e+05 3.543580000000000000e+05
2.275230000000000000e+05 3.489460000000000000e+05
1.815250000000000000e+05 3.787300000000000000e+05
2.280710000000000000e+05 3.466630000000000000e+05
1.818630000000000000e+05 3.828110000000000000e+05
1.826220000000000000e+05 3.788150000000000000e+05
1.467920000000000000e+05 3.496100000000000000e+05
1.480490000000000000e+05 3.556550000000000000e+05
1.471590000000000000e+05 3.498160000000000000e+05
1.832280000000000000e+05 3.794630000000000000e+05
1.550050000000000000e+05 3.495250000000000000e+05
2.291240000000000000e+05 3.477020000000000000e+05
1.522110000000000000e+05 3.481490000000000000e+05
2.296910000000000000e+05 3.510080000000000000e+05
1.466350000000000000e+05 3.521280000000000000e+05
1.783190000000000000e+05 3.822100000000000000e+05
1.752220000000000000e+05 3.788920000000000000e+05
1.810080000000000000e+05 3.879980000000000000e+05
1.826330000000000000e+05 3.819950000000000000e+05
1.777320000000000000e+05 3.801800000000000000e+05
1.800110000000000000e+05 3.828390000000000000e+05
2.313240000000000000e+05 3.526450000000000000e+05
1.784340000000000000e+05 3.367560000000000000e+05
1.833520000000000000e+05 3.811260000000000000e+05
2.211880000000000000e+05 3.514960000000000000e+05
1.780380000000000000e+05 3.794940000000000000e+05
1.449840000000000000e+05 3.435030000000000000e+05
1.834090000000000000e+05 3.779960000000000000e+05
1.847620000000000000e+05 3.812330000000000000e+05
1.787130000000000000e+05 3.773280000000000000e+05
1.857490000000000000e+05 3.865590000000000000e+05
1.550500000000000000e+05 3.464460000000000000e+05
1.503340000000000000e+05 3.463700000000000000e+05
1.532450000000000000e+05 3.541520000000000000e+05
2.271990000000000000e+05 3.463520000000000000e+05
1.513300000000000000e+05 3.546050000000000000e+05
2.356170000000000000e+05 3.465290000000000000e+05
1.492750000000000000e+05 3.485780000000000000e+05
2.337730000000000000e+05 3.488590000000000000e+05
1.549720000000000000e+05 3.524080000000000000e+05
1.478030000000000000e+05 3.504230000000000000e+05
1.433620000000000000e+05 3.514770000000000000e+05
1.475410000000000000e+05 3.480110000000000000e+05
1.542430000000000000e+05 3.524410000000000000e+05
1.490300000000000000e+05 3.484760000000000000e+05
1.474400000000000000e+05 3.513820000000000000e+05
1.516150000000000000e+05 3.519680000000000000e+05
2.281170000000000000e+05 3.503950000000000000e+05
2.324110000000000000e+05 3.559330000000000000e+05
2.287940000000000000e+05 3.473330000000000000e+05
1.812290000000000000e+05 3.820670000000000000e+05
1.504470000000000000e+05 3.477060000000000000e+05
2.272360000000000000e+05 3.510410000000000000e+05
1.809950000000000000e+05 3.817210000000000000e+05
1.762910000000000000e+05 3.839760000000000000e+05
1.467560000000000000e+05 3.524500000000000000e+05
1.762350000000000000e+05 3.765170000000000000e+05
1.833380000000000000e+05 3.832680000000000000e+05
1.820320000000000000e+05 3.815690000000000000e+05
1.466270000000000000e+05 3.478470000000000000e+05
1.546170000000000000e+05 3.503730000000000000e+05
2.013930000000000000e+05 3.271970000000000000e+05
1.491340000000000000e+05 3.460650000000000000e+05
1.795940000000000000e+05 3.833400000000000000e+05
1.468900000000000000e+05 3.550610000000000000e+05
1.777160000000000000e+05 3.715000000000000000e+05
1.811010000000000000e+05 3.822140000000000000e+05
1.795780000000000000e+05 3.808820000000000000e+05
2.328750000000000000e+05 3.045710000000000000e+05
1.833990000000000000e+05 3.819780000000000000e+05
1.250840000000000000e+05 4.075660000000000000e+05
1.481470000000000000e+05 3.490990000000000000e+05
1.903320000000000000e+05 3.248690000000000000e+05
1.486140000000000000e+05 3.512380000000000000e+05
2.254670000000000000e+05 3.488260000000000000e+05
1.833750000000000000e+05 3.836340000000000000e+05
2.331380000000000000e+05 3.532570000000000000e+05
1.528390000000000000e+05 3.444490000000000000e+05
1.468240000000000000e+05 3.481230000000000000e+05
1.512410000000000000e+05 3.465690000000000000e+05
2.250050000000000000e+05 3.453700000000000000e+05
1.497440000000000000e+05 3.478990000000000000e+05
2.218840000000000000e+05 3.998220000000000000e+05
2.324350000000000000e+05 3.470690000000000000e+05
1.799170000000000000e+05 3.823980000000000000e+05
1.784690000000000000e+05 3.778480000000000000e+05
1.544670000000000000e+05 3.501980000000000000e+05
2.284120000000000000e+05 3.540140000000000000e+05
1.795180000000000000e+05 3.773960000000000000e+05
2.331500000000000000e+05 3.489140000000000000e+05
2.300690000000000000e+05 3.480580000000000000e+05
1.485180000000000000e+05 3.455740000000000000e+05
1.559820000000000000e+05 3.563880000000000000e+05
1.742820000000000000e+05 3.700560000000000000e+05
1.836420000000000000e+05 3.783500000000000000e+05
2.343680000000000000e+05 3.450770000000000000e+05
2.289210000000000000e+05 3.485720000000000000e+05
1.785660000000000000e+05 3.787280000000000000e+05
1.491180000000000000e+05 3.482190000000000000e+05
1.523560000000000000e+05 3.523580000000000000e+05
1.822580000000000000e+05 3.801230000000000000e+05
2.310480000000000000e+05 3.569310000000000000e+05
1.765030000000000000e+05 3.839870000000000000e+05
2.313850000000000000e+05 3.507520000000000000e+05
2.512690000000000000e+05 3.132080000000000000e+05
2.282340000000000000e+05 3.493360000000000000e+05
1.825080000000000000e+05 3.788400000000000000e+05
1.509200000000000000e+05 3.510620000000000000e+05
1.560570000000000000e+05 3.493220000000000000e+05
2.030260000000000000e+05 4.005140000000000000e+05
2.231490000000000000e+05 3.435600000000000000e+05
1.518980000000000000e+05 3.522890000000000000e+05
1.324600000000000000e+05 4.013620000000000000e+05
1.816820000000000000e+05 3.840460000000000000e+05
1.467010000000000000e+05 3.576460000000000000e+05
1.522690000000000000e+05 3.503010000000000000e+05
2.282230000000000000e+05 3.495160000000000000e+05
1.477510000000000000e+05 3.551020000000000000e+05
1.815510000000000000e+05 3.817580000000000000e+05
1.828410000000000000e+05 3.750860000000000000e+05
2.321990000000000000e+05 3.522400000000000000e+05
1.801070000000000000e+05 3.830230000000000000e+05
2.286570000000000000e+05 3.489830000000000000e+05
2.320220000000000000e+05 3.968110000000000000e+05
2.326290000000000000e+05 3.528930000000000000e+05
1.514340000000000000e+05 3.527650000000000000e+05
1.809860000000000000e+05 3.826370000000000000e+05
1.810340000000000000e+05 3.823550000000000000e+05
1.534220000000000000e+05 3.533250000000000000e+05
1.820440000000000000e+05 3.769520000000000000e+05
1.819430000000000000e+05 3.846680000000000000e+05
2.306570000000000000e+05 3.507640000000000000e+05
2.259960000000000000e+05 3.530400000000000000e+05
1.410730000000000000e+05 2.885860000000000000e+05
1.780340000000000000e+05 3.805890000000000000e+05
1.804050000000000000e+05 3.784800000000000000e+05
1.797010000000000000e+05 3.754560000000000000e+05
1.783640000000000000e+05 3.800950000000000000e+05
1.758190000000000000e+05 3.810370000000000000e+05
1.350770000000000000e+05 3.098170000000000000e+05
1.812320000000000000e+05 3.808240000000000000e+05
1.464790000000000000e+05 3.522220000000000000e+05
1.816220000000000000e+05 3.827170000000000000e+05
2.228650000000000000e+05 2.967430000000000000e+05
1.818280000000000000e+05 3.820950000000000000e+05
1.514190000000000000e+05 3.481910000000000000e+05
2.271830000000000000e+05 3.537160000000000000e+05
1.786130000000000000e+05 3.798040000000000000e+05
1.630390000000000000e+05 4.000740000000000000e+05
1.514910000000000000e+05 3.530470000000000000e+05
1.817400000000000000e+05 3.874880000000000000e+05
1.502470000000000000e+05 3.520610000000000000e+05
1.798410000000000000e+05 3.761620000000000000e+05
1.512310000000000000e+05 3.526060000000000000e+05
1.463050000000000000e+05 3.484740000000000000e+05
1.519380000000000000e+05 3.468650000000000000e+05
1.503950000000000000e+05 3.437480000000000000e+05
1.881310000000000000e+05 3.804090000000000000e+05
1.503180000000000000e+05 3.474500000000000000e+05
2.274380000000000000e+05 3.501180000000000000e+05
2.278230000000000000e+05 3.530120000000000000e+05
1.510630000000000000e+05 3.486960000000000000e+05
1.522840000000000000e+05 3.507210000000000000e+05
1.906920000000000000e+05 3.480920000000000000e+05
1.809320000000000000e+05 3.754120000000000000e+05
1.802330000000000000e+05 3.816170000000000000e+05
2.142260000000000000e+05 3.986820000000000000e+05
2.281400000000000000e+05 3.573340000000000000e+05
1.499570000000000000e+05 3.467230000000000000e+05
1.536280000000000000e+05 3.524650000000000000e+05
2.356730000000000000e+05 3.555940000000000000e+05
1.438210000000000000e+05 3.445780000000000000e+05
1.512680000000000000e+05 3.455730000000000000e+05
1.837180000000000000e+05 3.792300000000000000e+05
1.455790000000000000e+05 3.462610000000000000e+05
1.456940000000000000e+05 3.492490000000000000e+05
1.329620000000000000e+05 3.048310000000000000e+05
1.465430000000000000e+05 3.455710000000000000e+05
1.779190000000000000e+05 3.771390000000000000e+05
1.801790000000000000e+05 3.802580000000000000e+05
1.525610000000000000e+05 3.486480000000000000e+05
1.530020000000000000e+05 3.558770000000000000e+05
1.826040000000000000e+05 3.816740000000000000e+05
1.783850000000000000e+05 3.755170000000000000e+05
1.825960000000000000e+05 3.816070000000000000e+05
2.247820000000000000e+05 3.465360000000000000e+05
2.357040000000000000e+05 3.469270000000000000e+05
2.302860000000000000e+05 3.522040000000000000e+05
1.982840000000000000e+05 3.454300000000000000e+05
1.814350000000000000e+05 3.219110000000000000e+05
2.338580000000000000e+05 3.496450000000000000e+05
1.774740000000000000e+05 3.829140000000000000e+05
1.498530000000000000e+05 3.504170000000000000e+05
1.441950000000000000e+05 3.508910000000000000e+05
1.518800000000000000e+05 3.457700000000000000e+05
2.248150000000000000e+05 3.506700000000000000e+05
2.292040000000000000e+05 3.539210000000000000e+05
1.509800000000000000e+05 3.585590000000000000e+05
1.481050000000000000e+05 3.520190000000000000e+05
1.319640000000000000e+05 2.988190000000000000e+05
1.497110000000000000e+05 3.472030000000000000e+05
2.284190000000000000e+05 3.483480000000000000e+05
1.474900000000000000e+05 3.489470000000000000e+05
1.797910000000000000e+05 3.863690000000000000e+05
1.763220000000000000e+05 3.806840000000000000e+05
2.447040000000000000e+05 2.891390000000000000e+05
1.457830000000000000e+05 3.462120000000000000e+05
2.354980000000000000e+05 3.491000000000000000e+05
1.807000000000000000e+05 3.795030000000000000e+05
1.811140000000000000e+05 3.783680000000000000e+05
1.808720000000000000e+05 3.839110000000000000e+05
1.505710000000000000e+05 3.434010000000000000e+05
1.815560000000000000e+05 3.812440000000000000e+05
1.556870000000000000e+05 3.585500000000000000e+05
2.323950000000000000e+05 3.479240000000000000e+05
2.294700000000000000e+05 3.478630000000000000e+05
2.351780000000000000e+05 3.516120000000000000e+05
1.485860000000000000e+05 3.452020000000000000e+05
1.811310000000000000e+05 3.844450000000000000e+05
1.459260000000000000e+05 3.510370000000000000e+05
2.258710000000000000e+05 3.499820000000000000e+05
2.282020000000000000e+05 3.478690000000000000e+05
2.256940000000000000e+05 3.489440000000000000e+05
1.795050000000000000e+05 3.774410000000000000e+05
2.072720000000000000e+05 4.101490000000000000e+05
2.293260000000000000e+05 3.522790000000000000e+05
1.472180000000000000e+05 3.531840000000000000e+05
1.474110000000000000e+05 3.480990000000000000e+05
2.325290000000000000e+05 3.469890000000000000e+05
1.510030000000000000e+05 3.535210000000000000e+05
2.243190000000000000e+05 3.499190000000000000e+05
2.331500000000000000e+05 2.767650000000000000e+05
2.316020000000000000e+05 3.479520000000000000e+05
2.311180000000000000e+05 3.538800000000000000e+05
1.822350000000000000e+05 3.780830000000000000e+05
1.811750000000000000e+05 3.762430000000000000e+05
1.500730000000000000e+05 3.464980000000000000e+05
2.249670000000000000e+05 3.452210000000000000e+05
1.446280000000000000e+05 3.489760000000000000e+05
1.462160000000000000e+05 3.499030000000000000e+05
1.467240000000000000e+05 3.506720000000000000e+05
2.297620000000000000e+05 3.449350000000000000e+05
1.486630000000000000e+05 3.482990000000000000e+05
2.299110000000000000e+05 3.490590000000000000e+05
1.560730000000000000e+05 3.526040000000000000e+05
1.777250000000000000e+05 3.833860000000000000e+05
1.491970000000000000e+05 3.448390000000000000e+05
2.370200000000000000e+05 3.471650000000000000e+05
2.317960000000000000e+05 3.476070000000000000e+05
2.328920000000000000e+05 3.501890000000000000e+05
1.525850000000000000e+05 3.487670000000000000e+05
2.271340000000000000e+05 3.511130000000000000e+05
1.764100000000000000e+05 3.838750000000000000e+05
1.750560000000000000e+05 3.779580000000000000e+05
2.256150000000000000e+05 3.540200000000000000e+05
2.343800000000000000e+05 3.482570000000000000e+05
2.279850000000000000e+05 3.456250000000000000e+05
1.510990000000000000e+05 3.558430000000000000e+05
1.833150000000000000e+05 3.794420000000000000e+05
2.283920000000000000e+05 3.466650000000000000e+05
1.323560000000000000e+05 3.130170000000000000e+05
1.511750000000000000e+05 3.450650000000000000e+05
2.277630000000000000e+05 3.519270000000000000e+05
1.517090000000000000e+05 3.474070000000000000e+05
1.737740000000000000e+05 3.851890000000000000e+05
2.301370000000000000e+05 3.534610000000000000e+05
2.328320000000000000e+05 3.511220000000000000e+05
2.351700000000000000e+05 3.498920000000000000e+05
2.322030000000000000e+05 3.551290000000000000e+05
1.781690000000000000e+05 3.764190000000000000e+05
2.316170000000000000e+05 3.476690000000000000e+05
1.517100000000000000e+05 3.525980000000000000e+05
1.830000000000000000e+05 3.846100000000000000e+05
1.481340000000000000e+05 3.519440000000000000e+05
2.295990000000000000e+05 3.449290000000000000e+05
1.479510000000000000e+05 3.574300000000000000e+05
1.503010000000000000e+05 3.467920000000000000e+05
1.776090000000000000e+05 3.749270000000000000e+05
1.524120000000000000e+05 3.537950000000000000e+05
1.759790000000000000e+05 3.763990000000000000e+05
2.275350000000000000e+05 3.439870000000000000e+05
1.803350000000000000e+05 3.851510000000000000e+05
1.836980000000000000e+05 3.769560000000000000e+05
1.795440000000000000e+05 3.807580000000000000e+05
1.487320000000000000e+05 3.500050000000000000e+05
1.771070000000000000e+05 3.842400000000000000e+05
1.525130000000000000e+05 3.486400000000000000e+05
1.288340000000000000e+05 4.067560000000000000e+05
2.267620000000000000e+05 3.449480000000000000e+05
1.845000000000000000e+05 3.802550000000000000e+05
2.284240000000000000e+05 3.515740000000000000e+05
1.545940000000000000e+05 3.488100000000000000e+05
2.270420000000000000e+05 3.561910000000000000e+05
1.766370000000000000e+05 3.803130000000000000e+05
1.772020000000000000e+05 3.813280000000000000e+05
1.809130000000000000e+05 3.809790000000000000e+05
2.239470000000000000e+05 3.521790000000000000e+05
2.245430000000000000e+05 3.498310000000000000e+05
1.505270000000000000e+05 3.538410000000000000e+05
1.853560000000000000e+05 3.807830000000000000e+05
1.787820000000000000e+05 3.808290000000000000e+05
2.325560000000000000e+05 3.462260000000000000e+05
1.455250000000000000e+05 3.527890000000000000e+05
1.860580000000000000e+05 3.827870000000000000e+05
1.436760000000000000e+05 3.066130000000000000e+05
1.506770000000000000e+05 3.490230000000000000e+05
2.329600000000000000e+05 3.508210000000000000e+05
1.781240000000000000e+05 3.808640000000000000e+05
1.845640000000000000e+05 3.779360000000000000e+05
2.316660000000000000e+05 3.516120000000000000e+05
2.300470000000000000e+05 3.519010000000000000e+05
2.315950000000000000e+05 3.485780000000000000e+05
2.282560000000000000e+05 3.492790000000000000e+05
2.332320000000000000e+05 3.454720000000000000e+05
1.830970000000000000e+05 3.763870000000000000e+05
1.481950000000000000e+05 3.530870000000000000e+05
1.434620000000000000e+05 3.511930000000000000e+05
1.525540000000000000e+05 3.512480000000000000e+05
2.263860000000000000e+05 3.526630000000000000e+05
2.137670000000000000e+05 3.937380000000000000e+05
1.549490000000000000e+05 3.516730000000000000e+05
1.810210000000000000e+05 3.781330000000000000e+05
1.507610000000000000e+05 3.501820000000000000e+05
2.252330000000000000e+05 3.476630000000000000e+05
1.811520000000000000e+05 3.759350000000000000e+05
1.419880000000000000e+05 3.956420000000000000e+05
1.828850000000000000e+05 3.800080000000000000e+05
1.454900000000000000e+05 4.034200000000000000e+05
1.516510000000000000e+05 3.495200000000000000e+05
1.769360000000000000e+05 3.781790000000000000e+05
1.779500000000000000e+05 3.798880000000000000e+05
1.826600000000000000e+05 3.806640000000000000e+05
1.433230000000000000e+05 3.110830000000000000e+05
2.252510000000000000e+05 3.464240000000000000e+05
1.994130000000000000e+05 3.191780000000000000e+05
1.779160000000000000e+05 3.748780000000000000e+05
1.525180000000000000e+05 3.529380000000000000e+05
1.367710000000000000e+05 3.169580000000000000e+05
1.782510000000000000e+05 3.784880000000000000e+05
1.810040000000000000e+05 3.783490000000000000e+05
1.810070000000000000e+05 3.805210000000000000e+05
1.795030000000000000e+05 3.777660000000000000e+05
1.782860000000000000e+05 3.741200000000000000e+05
2.315470000000000000e+05 3.475260000000000000e+05
1.782380000000000000e+05 3.800730000000000000e+05
1.509530000000000000e+05 3.939970000000000000e+05
2.292690000000000000e+05 3.500530000000000000e+05
1.506150000000000000e+05 3.537340000000000000e+05
2.302230000000000000e+05 3.505120000000000000e+05
1.900130000000000000e+05 3.821390000000000000e+05
1.800110000000000000e+05 3.818960000000000000e+05
1.519290000000000000e+05 3.528290000000000000e+05
2.321240000000000000e+05 3.449060000000000000e+05
1.762120000000000000e+05 3.864690000000000000e+05
2.293420000000000000e+05 3.470570000000000000e+05
2.317420000000000000e+05 3.530370000000000000e+05
2.329350000000000000e+05 3.480360000000000000e+05
2.331700000000000000e+05 3.554930000000000000e+05
1.402820000000000000e+05 3.470820000000000000e+05
1.483300000000000000e+05 3.457750000000000000e+05
1.460890000000000000e+05 3.463590000000000000e+05
1.558770000000000000e+05 3.545010000000000000e+05
2.357660000000000000e+05 3.511960000000000000e+05
2.268330000000000000e+05 3.441550000000000000e+05
2.257220000000000000e+05 3.476250000000000000e+05
2.292920000000000000e+05 3.461850000000000000e+05
2.310500000000000000e+05 3.453780000000000000e+05
2.294990000000000000e+05 3.492640000000000000e+05
1.807760000000000000e+05 3.788280000000000000e+05
1.470360000000000000e+05 3.496220000000000000e+05
1.476580000000000000e+05 3.567600000000000000e+05
1.486850000000000000e+05 3.526060000000000000e+05
1.757250000000000000e+05 3.771540000000000000e+05
2.320710000000000000e+05 3.545670000000000000e+05
2.300670000000000000e+05 3.449220000000000000e+05
1.525950000000000000e+05 3.504270000000000000e+05
1.462910000000000000e+05 3.429970000000000000e+05
2.293330000000000000e+05 3.517690000000000000e+05
2.345160000000000000e+05 3.470900000000000000e+05
1.783110000000000000e+05 3.812040000000000000e+05
1.799050000000000000e+05 3.798610000000000000e+05
2.249190000000000000e+05 3.592310000000000000e+05
1.797580000000000000e+05 3.800720000000000000e+05
1.469890000000000000e+05 3.483780000000000000e+05
1.537080000000000000e+05 3.502290000000000000e+05
2.450480000000000000e+05 3.089980000000000000e+05
1.810930000000000000e+05 3.806420000000000000e+05
2.295620000000000000e+05 3.519010000000000000e+05
1.531070000000000000e+05 3.441000000000000000e+05
1.489840000000000000e+05 3.522680000000000000e+05
1.755460000000000000e+05 3.798360000000000000e+05
2.286830000000000000e+05 3.550770000000000000e+05
1.556230000000000000e+05 3.544790000000000000e+05
1.768890000000000000e+05 3.759610000000000000e+05
1.786520000000000000e+05 3.864060000000000000e+05
2.256190000000000000e+05 3.482440000000000000e+05
1.458130000000000000e+05 3.494610000000000000e+05
1.426320000000000000e+05 3.529160000000000000e+05
1.514280000000000000e+05 3.475580000000000000e+05
1.459650000000000000e+05 3.440100000000000000e+05
1.785420000000000000e+05 3.769670000000000000e+05
2.265440000000000000e+05 3.527470000000000000e+05
1.789510000000000000e+05 3.787120000000000000e+05
1.825030000000000000e+05 3.843500000000000000e+05
1.499770000000000000e+05 3.425660000000000000e+05
1.808390000000000000e+05 3.851810000000000000e+05
2.364330000000000000e+05 3.465310000000000000e+05
1.852880000000000000e+05 3.766410000000000000e+05
1.812860000000000000e+05 3.751270000000000000e+05
1.839090000000000000e+05 3.785480000000000000e+05
2.294880000000000000e+05 3.539970000000000000e+05
2.339580000000000000e+05 3.512300000000000000e+05
2.274520000000000000e+05 3.530070000000000000e+05
1.522940000000000000e+05 3.550890000000000000e+05
1.823280000000000000e+05 3.824990000000000000e+05
1.797320000000000000e+05 3.795740000000000000e+05
1.468700000000000000e+05 3.475740000000000000e+05
1.501720000000000000e+05 3.534860000000000000e+05
2.290890000000000000e+05 3.519880000000000000e+05
2.311220000000000000e+05 3.500160000000000000e+05
2.283840000000000000e+05 3.539730000000000000e+05
1.450800000000000000e+05 3.534440000000000000e+05
1.513550000000000000e+05 3.479720000000000000e+05
1.769420000000000000e+05 3.788150000000000000e+05
2.306020000000000000e+05 3.513560000000000000e+05
1.474560000000000000e+05 3.513030000000000000e+05
1.547780000000000000e+05 3.480950000000000000e+05
1.782100000000000000e+05 3.746480000000000000e+05
1.455940000000000000e+05 3.477260000000000000e+05
2.083530000000000000e+05 3.305010000000000000e+05
2.305200000000000000e+05 3.465230000000000000e+05
1.777860000000000000e+05 3.734520000000000000e+05
1.791510000000000000e+05 3.822150000000000000e+05
1.475820000000000000e+05 3.481240000000000000e+05
1.766740000000000000e+05 3.804490000000000000e+05
1.755970000000000000e+05 3.815510000000000000e+05
2.273070000000000000e+05 3.500000000000000000e+05
1.513270000000000000e+05 3.478610000000000000e+05
1.514770000000000000e+05 3.500830000000000000e+05
1.523380000000000000e+05 3.483020000000000000e+05
2.269030000000000000e+05 3.517160000000000000e+05
1.505730000000000000e+05 3.557000000000000000e+05
1.817830000000000000e+05 3.784240000000000000e+05
1.501260000000000000e+05 3.499560000000000000e+05
1.806980000000000000e+05 3.843480000000000000e+05
2.348210000000000000e+05 3.478950000000000000e+05
1.785290000000000000e+05 3.766430000000000000e+05
1.779540000000000000e+05 3.777260000000000000e+05
1.442130000000000000e+05 3.530460000000000000e+05
2.279800000000000000e+05 3.471810000000000000e+05
1.531920000000000000e+05 3.492410000000000000e+05
1.780640000000000000e+05 3.767910000000000000e+05
1.499230000000000000e+05 3.533180000000000000e+05
1.473960000000000000e+05 3.538890000000000000e+05
1.790140000000000000e+05 3.753480000000000000e+05
1.818680000000000000e+05 3.768450000000000000e+05
1.798680000000000000e+05 3.784790000000000000e+05
1.490280000000000000e+05 3.498830000000000000e+05
1.466900000000000000e+05 3.506350000000000000e+05
1.500170000000000000e+05 3.496070000000000000e+05
2.353610000000000000e+05 3.461030000000000000e+05
1.777380000000000000e+05 3.818230000000000000e+05
2.340450000000000000e+05 3.499690000000000000e+05
1.507460000000000000e+05 3.514010000000000000e+05
1.867450000000000000e+05 3.832030000000000000e+05
1.452370000000000000e+05 3.505580000000000000e+05
1.819280000000000000e+05 3.872170000000000000e+05
2.304260000000000000e+05 3.496520000000000000e+05
2.317040000000000000e+05 3.438830000000000000e+05
1.825010000000000000e+05 3.773250000000000000e+05
1.802180000000000000e+05 3.791370000000000000e+05
2.300880000000000000e+05 3.514100000000000000e+05
1.464570000000000000e+05 3.490730000000000000e+05
2.281110000000000000e+05 3.522550000000000000e+05
1.793990000000000000e+05 3.721460000000000000e+05
2.316460000000000000e+05 3.480100000000000000e+05
1.501620000000000000e+05 3.521160000000000000e+05
1.785030000000000000e+05 3.820290000000000000e+05
1.520910000000000000e+05 3.465790000000000000e+05
2.316190000000000000e+05 3.464320000000000000e+05
1.849700000000000000e+05 3.799980000000000000e+05
1.810230000000000000e+05 3.819810000000000000e+05
2.327210000000000000e+05 3.500530000000000000e+05
1.484190000000000000e+05 3.444570000000000000e+05
2.309730000000000000e+05 3.503950000000000000e+05
1.534250000000000000e+05 3.042420000000000000e+05
2.134070000000000000e+05 3.206740000000000000e+05
1.557360000000000000e+05 3.532070000000000000e+05
2.262650000000000000e+05 3.461540000000000000e+05
1.972500000000000000e+05 3.499460000000000000e+05
2.297490000000000000e+05 3.466450000000000000e+05
1.513910000000000000e+05 3.495190000000000000e+05
1.781220000000000000e+05 3.794320000000000000e+05
1.836900000000000000e+05 3.796900000000000000e+05
2.292630000000000000e+05 3.525860000000000000e+05
1.463460000000000000e+05 3.510520000000000000e+05
1.809200000000000000e+05 3.787150000000000000e+05
2.309830000000000000e+05 3.467850000000000000e+05
2.261950000000000000e+05 3.453840000000000000e+05
2.275150000000000000e+05 3.460550000000000000e+05
2.309220000000000000e+05 3.502830000000000000e+05
2.543700000000000000e+05 2.800850000000000000e+05
2.294910000000000000e+05 3.443590000000000000e+05
1.432580000000000000e+05 3.476650000000000000e+05
2.260840000000000000e+05 3.540780000000000000e+05
2.283360000000000000e+05 3.495310000000000000e+05
1.747080000000000000e+05 3.811890000000000000e+05
1.510360000000000000e+05 3.557190000000000000e+05
1.490630000000000000e+05 3.493450000000000000e+05
2.256050000000000000e+05 3.456230000000000000e+05
1.428570000000000000e+05 3.527160000000000000e+05
1.586440000000000000e+05 3.497230000000000000e+05
1.808290000000000000e+05 3.761270000000000000e+05
1.492820000000000000e+05 3.462860000000000000e+05
1.759620000000000000e+05 3.808390000000000000e+05
2.286370000000000000e+05 3.453490000000000000e+05
2.337100000000000000e+05 3.513190000000000000e+05
1.450130000000000000e+05 3.456940000000000000e+05
2.245480000000000000e+05 3.525510000000000000e+05
1.458420000000000000e+05 3.549100000000000000e+05
2.302540000000000000e+05 3.482010000000000000e+05
1.463430000000000000e+05 3.497980000000000000e+05
1.875240000000000000e+05 3.777860000000000000e+05
1.777430000000000000e+05 3.790210000000000000e+05
2.319920000000000000e+05 3.475390000000000000e+05
1.809720000000000000e+05 3.796430000000000000e+05
1.514390000000000000e+05 3.473530000000000000e+05
1.452000000000000000e+05 3.496450000000000000e+05
2.349580000000000000e+05 3.506640000000000000e+05
1.798430000000000000e+05 3.812330000000000000e+05
1.530750000000000000e+05 3.563400000000000000e+05
2.339460000000000000e+05 3.513310000000000000e+05
1.512830000000000000e+05 3.509970000000000000e+05
1.549360000000000000e+05 3.554580000000000000e+05
1.517490000000000000e+05 3.541560000000000000e+05
2.273310000000000000e+05 3.531790000000000000e+05
2.323690000000000000e+05 3.467370000000000000e+05
1.781200000000000000e+05 3.819550000000000000e+05
1.516190000000000000e+05 3.466360000000000000e+05
2.343160000000000000e+05 3.498920000000000000e+05
1.815340000000000000e+05 3.767480000000000000e+05
1.837890000000000000e+05 3.810490000000000000e+05
1.922760000000000000e+05 3.212390000000000000e+05
1.483960000000000000e+05 3.486220000000000000e+05
2.316530000000000000e+05 3.528720000000000000e+05
1.847830000000000000e+05 3.791850000000000000e+05
2.189900000000000000e+05 4.127730000000000000e+05
2.282570000000000000e+05 3.512830000000000000e+05
1.739580000000000000e+05 3.774020000000000000e+05
1.469660000000000000e+05 3.466550000000000000e+05
1.546490000000000000e+05 3.532480000000000000e+05
1.805040000000000000e+05 3.867100000000000000e+05
1.831750000000000000e+05 3.819080000000000000e+05
1.799470000000000000e+05 3.795290000000000000e+05
1.796350000000000000e+05 3.763970000000000000e+05
1.770420000000000000e+05 3.851450000000000000e+05
1.465360000000000000e+05 3.508360000000000000e+05
1.505330000000000000e+05 3.473170000000000000e+05
2.282110000000000000e+05 3.533890000000000000e+05
2.324390000000000000e+05 3.524700000000000000e+05
1.758530000000000000e+05 3.762080000000000000e+05
1.805610000000000000e+05 3.784360000000000000e+05
1.493660000000000000e+05 3.535500000000000000e+05
1.787890000000000000e+05 3.763610000000000000e+05
1.789260000000000000e+05 3.802150000000000000e+05
1.781180000000000000e+05 3.772980000000000000e+05
1.809530000000000000e+05 3.785030000000000000e+05
1.799580000000000000e+05 3.772990000000000000e+05
2.327780000000000000e+05 3.475510000000000000e+05
1.826870000000000000e+05 3.807040000000000000e+05
2.322370000000000000e+05 3.460020000000000000e+05
2.342840000000000000e+05 3.480300000000000000e+05
2.309810000000000000e+05 3.511380000000000000e+05
2.308340000000000000e+05 3.486210000000000000e+05
1.545000000000000000e+05 3.522670000000000000e+05
1.501290000000000000e+05 3.551240000000000000e+05
1.494250000000000000e+05 3.435820000000000000e+05
1.824020000000000000e+05 3.824150000000000000e+05
2.249300000000000000e+05 3.480630000000000000e+05
1.960480000000000000e+05 3.972630000000000000e+05
2.309140000000000000e+05 3.473400000000000000e+05
1.769730000000000000e+05 3.787890000000000000e+05
2.332390000000000000e+05 3.479600000000000000e+05
2.332880000000000000e+05 3.464990000000000000e+05
1.779380000000000000e+05 3.833430000000000000e+05
2.310190000000000000e+05 3.511720000000000000e+05
1.584840000000000000e+05 3.481200000000000000e+05
1.771740000000000000e+05 3.781500000000000000e+05
1.457880000000000000e+05 3.470340000000000000e+05
2.289440000000000000e+05 3.456090000000000000e+05
1.469190000000000000e+05 3.489160000000000000e+05
1.800590000000000000e+05 3.772900000000000000e+05
2.297320000000000000e+05 3.516020000000000000e+05
1.534790000000000000e+05 3.567190000000000000e+05
2.304180000000000000e+05 4.067060000000000000e+05
1.794970000000000000e+05 3.817570000000000000e+05
1.848520000000000000e+05 3.797840000000000000e+05
2.278720000000000000e+05 3.491810000000000000e+05
1.531350000000000000e+05 3.456470000000000000e+05
2.321820000000000000e+05 3.465660000000000000e+05
1.446140000000000000e+05 3.830130000000000000e+05
2.313870000000000000e+05 3.479890000000000000e+05
1.816870000000000000e+05 3.764000000000000000e+05
1.765350000000000000e+05 3.762580000000000000e+05
2.308800000000000000e+05 3.492450000000000000e+05
1.495220000000000000e+05 3.452480000000000000e+05
1.481840000000000000e+05 3.508660000000000000e+05
2.259350000000000000e+05 3.506580000000000000e+05
1.793180000000000000e+05 3.805660000000000000e+05
1.808280000000000000e+05 3.816400000000000000e+05
1.777920000000000000e+05 3.735550000000000000e+05
1.757420000000000000e+05 3.773130000000000000e+05
2.277050000000000000e+05 3.466260000000000000e+05
2.257600000000000000e+05 3.489040000000000000e+05
2.303750000000000000e+05 3.517070000000000000e+05
2.326100000000000000e+05 3.491950000000000000e+05
1.525260000000000000e+05 3.497630000000000000e+05
1.797480000000000000e+05 3.804540000000000000e+05
1.486530000000000000e+05 3.557380000000000000e+05
2.337020000000000000e+05 3.540220000000000000e+05
2.279790000000000000e+05 3.502620000000000000e+05
1.841580000000000000e+05 3.804460000000000000e+05
2.339140000000000000e+05 3.465190000000000000e+05
1.768670000000000000e+05 3.833800000000000000e+05
1.536020000000000000e+05 3.473670000000000000e+05
2.324740000000000000e+05 3.498020000000000000e+05
1.783800000000000000e+05 3.784390000000000000e+05
1.534060000000000000e+05 3.506530000000000000e+05
1.490480000000000000e+05 3.491530000000000000e+05
1.797840000000000000e+05 3.738170000000000000e+05
1.771910000000000000e+05 3.780200000000000000e+05
1.902430000000000000e+05 3.229810000000000000e+05
1.528790000000000000e+05 3.454050000000000000e+05
2.305050000000000000e+05 3.530480000000000000e+05
1.795170000000000000e+05 3.801630000000000000e+05
1.746810000000000000e+05 3.807360000000000000e+05
1.502170000000000000e+05 3.502320000000000000e+05
1.765590000000000000e+05 3.841920000000000000e+05
1.791800000000000000e+05 3.818720000000000000e+05
1.502260000000000000e+05 3.453450000000000000e+05
2.328790000000000000e+05 3.482180000000000000e+05
2.332330000000000000e+05 3.487530000000000000e+05
1.792290000000000000e+05 3.838700000000000000e+05
1.802530000000000000e+05 3.782130000000000000e+05
1.784630000000000000e+05 3.752330000000000000e+05
1.776900000000000000e+05 3.786090000000000000e+05
1.550210000000000000e+05 3.543600000000000000e+05
2.286900000000000000e+05 3.493220000000000000e+05
1.468710000000000000e+05 3.517470000000000000e+05
2.342330000000000000e+05 3.527610000000000000e+05
1.759240000000000000e+05 3.805070000000000000e+05
1.758950000000000000e+05 3.818550000000000000e+05
1.768090000000000000e+05 3.765280000000000000e+05
2.305620000000000000e+05 3.434000000000000000e+05
1.808070000000000000e+05 3.819910000000000000e+05
2.187040000000000000e+05 3.977710000000000000e+05
2.338020000000000000e+05 3.521150000000000000e+05
1.506320000000000000e+05 3.544230000000000000e+05
1.515500000000000000e+05 3.532620000000000000e+05
1.755970000000000000e+05 3.830110000000000000e+05
2.300420000000000000e+05 3.476900000000000000e+05
1.504370000000000000e+05 3.542330000000000000e+05
2.290470000000000000e+05 3.468730000000000000e+05
2.283490000000000000e+05 3.465800000000000000e+05
1.223190000000000000e+05 3.961270000000000000e+05
2.274240000000000000e+05 3.529310000000000000e+05
1.791230000000000000e+05 3.770160000000000000e+05
2.327450000000000000e+05 3.459720000000000000e+05
1.832260000000000000e+05 3.754220000000000000e+05
2.200380000000000000e+05 3.108910000000000000e+05
1.801780000000000000e+05 3.762540000000000000e+05
1.480750000000000000e+05 3.554850000000000000e+05
2.407060000000000000e+05 2.929700000000000000e+05
1.820480000000000000e+05 3.811350000000000000e+05
1.471260000000000000e+05 3.495360000000000000e+05
1.768630000000000000e+05 3.758870000000000000e+05
1.468940000000000000e+05 3.434030000000000000e+05
2.226200000000000000e+05 3.477200000000000000e+05
1.341580000000000000e+05 3.211580000000000000e+05
1.780140000000000000e+05 3.769710000000000000e+05
2.032430000000000000e+05 3.128530000000000000e+05
2.158230000000000000e+05 3.984910000000000000e+05
1.530340000000000000e+05 3.519900000000000000e+05
1.786350000000000000e+05 3.802780000000000000e+05
1.345700000000000000e+05 3.926740000000000000e+05
1.681660000000000000e+05 3.740560000000000000e+05
1.796960000000000000e+05 3.812230000000000000e+05
1.922790000000000000e+05 3.308850000000000000e+05
2.299740000000000000e+05 3.522670000000000000e+05
2.290860000000000000e+05 3.494960000000000000e+05
1.500390000000000000e+05 3.456450000000000000e+05
2.280080000000000000e+05 3.448810000000000000e+05
2.272140000000000000e+05 3.544350000000000000e+05
2.322320000000000000e+05 3.495200000000000000e+05
1.787980000000000000e+05 3.798430000000000000e+05
1.544480000000000000e+05 3.519400000000000000e+05
1.839860000000000000e+05 3.759440000000000000e+05
2.341700000000000000e+05 3.511240000000000000e+05
1.813200000000000000e+05 3.778490000000000000e+05
2.319660000000000000e+05 3.491060000000000000e+05
1.517310000000000000e+05 3.501200000000000000e+05
1.503710000000000000e+05 3.503530000000000000e+05
1.808230000000000000e+05 3.812110000000000000e+05
2.355470000000000000e+05 3.467240000000000000e+05
1.508270000000000000e+05 3.485990000000000000e+05
1.777210000000000000e+05 3.750950000000000000e+05
2.284420000000000000e+05 3.503370000000000000e+05
2.304580000000000000e+05 3.512420000000000000e+05
1.844840000000000000e+05 3.825280000000000000e+05
1.515960000000000000e+05 3.495890000000000000e+05
2.350920000000000000e+05 3.471690000000000000e+05
2.348750000000000000e+05 3.459520000000000000e+05
1.776020000000000000e+05 3.791940000000000000e+05
1.508910000000000000e+05 3.490910000000000000e+05
1.779350000000000000e+05 3.770340000000000000e+05
1.523650000000000000e+05 3.472810000000000000e+05
2.289500000000000000e+05 3.567050000000000000e+05
1.809240000000000000e+05 3.734080000000000000e+05
2.327820000000000000e+05 3.425380000000000000e+05
2.285090000000000000e+05 3.461840000000000000e+05
1.776900000000000000e+05 3.795400000000000000e+05
1.800640000000000000e+05 3.762450000000000000e+05
1.775530000000000000e+05 3.788790000000000000e+05
1.261100000000000000e+05 3.794900000000000000e+05
1.739480000000000000e+05 3.799030000000000000e+05
1.522560000000000000e+05 3.456260000000000000e+05
1.802150000000000000e+05 3.752470000000000000e+05
2.309390000000000000e+05 3.482600000000000000e+05
1.793730000000000000e+05 3.798350000000000000e+05
1.805740000000000000e+05 3.800020000000000000e+05
1.793960000000000000e+05 3.795550000000000000e+05
1.798780000000000000e+05 3.778030000000000000e+05
2.327050000000000000e+05 3.495920000000000000e+05
1.448380000000000000e+05 3.130930000000000000e+05
1.917080000000000000e+05 3.294340000000000000e+05
1.364720000000000000e+05 3.890400000000000000e+05
1.498490000000000000e+05 3.471380000000000000e+05
2.326640000000000000e+05 3.528610000000000000e+05
1.547260000000000000e+05 2.930280000000000000e+05
2.269000000000000000e+05 3.464640000000000000e+05
2.260830000000000000e+05 3.518390000000000000e+05
1.486610000000000000e+05 3.495430000000000000e+05
1.513690000000000000e+05 3.530660000000000000e+05
1.472070000000000000e+05 3.492920000000000000e+05
2.291400000000000000e+05 3.558210000000000000e+05
1.452660000000000000e+05 3.443410000000000000e+05
2.265200000000000000e+05 3.512790000000000000e+05
2.302920000000000000e+05 3.563400000000000000e+05
1.519210000000000000e+05 3.539320000000000000e+05
2.312970000000000000e+05 3.537110000000000000e+05
2.261100000000000000e+05 3.504230000000000000e+05
1.487930000000000000e+05 3.458910000000000000e+05
1.764890000000000000e+05 3.793740000000000000e+05
1.491770000000000000e+05 3.509040000000000000e+05
1.495790000000000000e+05 3.480300000000000000e+05
1.496110000000000000e+05 4.083310000000000000e+05
1.816000000000000000e+05 3.764290000000000000e+05
1.822510000000000000e+05 3.772970000000000000e+05
1.517970000000000000e+05 3.520780000000000000e+05
1.470010000000000000e+05 3.481530000000000000e+05
1.791800000000000000e+05 3.843590000000000000e+05
1.750550000000000000e+05 3.785090000000000000e+05
1.854590000000000000e+05 3.817190000000000000e+05
1.833570000000000000e+05 3.798520000000000000e+05
1.787880000000000000e+05 3.832360000000000000e+05
1.742960000000000000e+05 3.771930000000000000e+05
2.268650000000000000e+05 3.492600000000000000e+05
1.774540000000000000e+05 3.806300000000000000e+05
2.287500000000000000e+05 3.466320000000000000e+05
2.355530000000000000e+05 3.539170000000000000e+05
1.835110000000000000e+05 3.814420000000000000e+05
1.842410000000000000e+05 3.784320000000000000e+05
1.527010000000000000e+05 3.547890000000000000e+05
1.817950000000000000e+05 3.815040000000000000e+05
2.282220000000000000e+05 3.497190000000000000e+05
2.305060000000000000e+05 3.477630000000000000e+05
1.802170000000000000e+05 3.852350000000000000e+05
1.502110000000000000e+05 3.552960000000000000e+05
2.543980000000000000e+05 2.922960000000000000e+05
1.813330000000000000e+05 3.825930000000000000e+05
1.809490000000000000e+05 3.819450000000000000e+05
1.731480000000000000e+05 3.816900000000000000e+05
1.811870000000000000e+05 3.838380000000000000e+05
1.830180000000000000e+05 3.777340000000000000e+05
1.517120000000000000e+05 3.448870000000000000e+05
1.518170000000000000e+05 3.497110000000000000e+05
1.761310000000000000e+05 3.738540000000000000e+05
2.341820000000000000e+05 3.561480000000000000e+05
1.453990000000000000e+05 3.469590000000000000e+05
2.275520000000000000e+05 3.504200000000000000e+05
1.814090000000000000e+05 3.725730000000000000e+05
2.282520000000000000e+05 3.500690000000000000e+05
1.490150000000000000e+05 3.497820000000000000e+05
1.473690000000000000e+05 3.544850000000000000e+05
1.786750000000000000e+05 3.781640000000000000e+05
2.395870000000000000e+05 3.539600000000000000e+05
1.493760000000000000e+05 3.484510000000000000e+05
1.856260000000000000e+05 3.814090000000000000e+05
2.328430000000000000e+05 3.511170000000000000e+05
1.808850000000000000e+05 3.769370000000000000e+05
1.789870000000000000e+05 3.849470000000000000e+05
1.467440000000000000e+05 3.491150000000000000e+05
1.811130000000000000e+05 3.806940000000000000e+05
2.330530000000000000e+05 3.506770000000000000e+05
1.801730000000000000e+05 3.743750000000000000e+05
1.543630000000000000e+05 3.564500000000000000e+05
2.295560000000000000e+05 3.461550000000000000e+05
1.776500000000000000e+05 3.808250000000000000e+05
2.224550000000000000e+05 4.079250000000000000e+05
1.794110000000000000e+05 3.790330000000000000e+05
1.772300000000000000e+05 3.824080000000000000e+05
2.471670000000000000e+05 3.019690000000000000e+05
1.851550000000000000e+05 3.776210000000000000e+05
2.306320000000000000e+05 3.449500000000000000e+05
1.456190000000000000e+05 3.442290000000000000e+05
1.774230000000000000e+05 3.746380000000000000e+05
2.266900000000000000e+05 3.436990000000000000e+05
2.289980000000000000e+05 3.489110000000000000e+05
1.794420000000000000e+05 3.802870000000000000e+05
1.785200000000000000e+05 3.800310000000000000e+05
2.315700000000000000e+05 3.517060000000000000e+05
1.771270000000000000e+05 3.767510000000000000e+05
1.540320000000000000e+05 3.500550000000000000e+05
2.286680000000000000e+05 3.480320000000000000e+05
1.779800000000000000e+05 3.826370000000000000e+05
2.539410000000000000e+05 2.991520000000000000e+05
1.779780000000000000e+05 3.761870000000000000e+05
2.271480000000000000e+05 3.498570000000000000e+05
1.774650000000000000e+05 3.809700000000000000e+05
2.283070000000000000e+05 3.479340000000000000e+05
1.470590000000000000e+05 3.519410000000000000e+05
1.819490000000000000e+05 3.791920000000000000e+05
1.793140000000000000e+05 3.812830000000000000e+05
1.376490000000000000e+05 3.025570000000000000e+05
1.873150000000000000e+05 3.793460000000000000e+05
1.505790000000000000e+05 3.502250000000000000e+05
1.816540000000000000e+05 3.795640000000000000e+05
2.287120000000000000e+05 3.490640000000000000e+05
1.554130000000000000e+05 3.482470000000000000e+05
1.542840000000000000e+05 3.545300000000000000e+05
1.751460000000000000e+05 3.799950000000000000e+05
2.274190000000000000e+05 3.463310000000000000e+05
1.792840000000000000e+05 3.815100000000000000e+05
1.859290000000000000e+05 3.816740000000000000e+05
1.479110000000000000e+05 3.527410000000000000e+05
1.484260000000000000e+05 3.472100000000000000e+05
2.311010000000000000e+05 3.461950000000000000e+05
2.282450000000000000e+05 3.512260000000000000e+05
1.779940000000000000e+05 3.818780000000000000e+05
1.563990000000000000e+05 3.514330000000000000e+05
1.483110000000000000e+05 3.474040000000000000e+05
1.781920000000000000e+05 3.839320000000000000e+05
2.293230000000000000e+05 3.500390000000000000e+05
1.814940000000000000e+05 3.821240000000000000e+05
1.481240000000000000e+05 3.505230000000000000e+05
1.463180000000000000e+05 3.544040000000000000e+05
2.351460000000000000e+05 3.533210000000000000e+05
2.419500000000000000e+05 3.091980000000000000e+05
2.291120000000000000e+05 3.478260000000000000e+05
1.795450000000000000e+05 3.789560000000000000e+05
1.803620000000000000e+05 3.778820000000000000e+05
1.844270000000000000e+05 3.815550000000000000e+05
1.792690000000000000e+05 3.756750000000000000e+05
1.260120000000000000e+05 4.059170000000000000e+05
1.817020000000000000e+05 3.787220000000000000e+05
1.805440000000000000e+05 3.809180000000000000e+05
1.787940000000000000e+05 3.823920000000000000e+05
2.308430000000000000e+05 3.468880000000000000e+05
1.835220000000000000e+05 3.836480000000000000e+05
1.529800000000000000e+05 3.532080000000000000e+05
1.788420000000000000e+05 3.761540000000000000e+05
1.448540000000000000e+05 3.451390000000000000e+05
1.798090000000000000e+05 3.796590000000000000e+05
1.530610000000000000e+05 3.528710000000000000e+05
1.476560000000000000e+05 3.501990000000000000e+05
2.273070000000000000e+05 3.475330000000000000e+05
1.855170000000000000e+05 3.795710000000000000e+05
1.492740000000000000e+05 3.482360000000000000e+05
1.444900000000000000e+05 3.488300000000000000e+05
1.765620000000000000e+05 3.795280000000000000e+05
1.498850000000000000e+05 3.480310000000000000e+05
2.306880000000000000e+05 3.508290000000000000e+05
2.293760000000000000e+05 3.505060000000000000e+05
1.561490000000000000e+05 3.503300000000000000e+05
1.438870000000000000e+05 3.490160000000000000e+05
1.448590000000000000e+05 3.483690000000000000e+05
1.491680000000000000e+05 3.525350000000000000e+05
1.466200000000000000e+05 3.476450000000000000e+05
1.771930000000000000e+05 3.799390000000000000e+05
1.502400000000000000e+05 3.506660000000000000e+05
1.485790000000000000e+05 3.503480000000000000e+05
2.310580000000000000e+05 3.502020000000000000e+05
1.783470000000000000e+05 3.798160000000000000e+05
2.289040000000000000e+05 3.517280000000000000e+05
2.298440000000000000e+05 3.511400000000000000e+05
2.276530000000000000e+05 3.469300000000000000e+05
2.400570000000000000e+05 2.913950000000000000e+05
1.533160000000000000e+05 3.499480000000000000e+05
1.436670000000000000e+05 3.525580000000000000e+05
1.786300000000000000e+05 3.794840000000000000e+05
2.320500000000000000e+05 3.481690000000000000e+05
1.810120000000000000e+05 3.793700000000000000e+05
1.824020000000000000e+05 3.838380000000000000e+05
1.793490000000000000e+05 3.793870000000000000e+05
1.753020000000000000e+05 3.776410000000000000e+05
1.799050000000000000e+05 3.796210000000000000e+05
1.786310000000000000e+05 3.817880000000000000e+05
1.515630000000000000e+05 3.504750000000000000e+05
1.754410000000000000e+05 3.812220000000000000e+05
2.294420000000000000e+05 3.489190000000000000e+05
2.222310000000000000e+05 3.423460000000000000e+05
1.525560000000000000e+05 3.428840000000000000e+05
2.303590000000000000e+05 3.502200000000000000e+05
1.509100000000000000e+05 3.475020000000000000e+05
1.498010000000000000e+05 3.443840000000000000e+05
1.509760000000000000e+05 3.565720000000000000e+05
1.741720000000000000e+05 3.783950000000000000e+05
1.480240000000000000e+05 3.479350000000000000e+05
1.489220000000000000e+05 3.445250000000000000e+05
2.338860000000000000e+05 3.540960000000000000e+05
1.811760000000000000e+05 3.833080000000000000e+05
1.920990000000000000e+05 3.277390000000000000e+05
1.516760000000000000e+05 3.473740000000000000e+05
2.308860000000000000e+05 3.508060000000000000e+05
1.448250000000000000e+05 3.516070000000000000e+05
1.487220000000000000e+05 3.519460000000000000e+05
2.275790000000000000e+05 3.483280000000000000e+05
2.161320000000000000e+05 3.010770000000000000e+05
2.283760000000000000e+05 3.481350000000000000e+05
1.473590000000000000e+05 3.541360000000000000e+05
2.306610000000000000e+05 3.478760000000000000e+05
2.297790000000000000e+05 3.522580000000000000e+05
2.330870000000000000e+05 3.463970000000000000e+05
1.502130000000000000e+05 3.513150000000000000e+05
2.320370000000000000e+05 3.545620000000000000e+05
2.298150000000000000e+05 3.498220000000000000e+05
2.278900000000000000e+05 3.518620000000000000e+05
2.271640000000000000e+05 3.557020000000000000e+05
1.490460000000000000e+05 3.499360000000000000e+05
1.529400000000000000e+05 3.503830000000000000e+05
1.820580000000000000e+05 3.860630000000000000e+05
1.493530000000000000e+05 3.509870000000000000e+05
1.480410000000000000e+05 3.436200000000000000e+05
2.297900000000000000e+05 3.474760000000000000e+05
2.288350000000000000e+05 3.468880000000000000e+05
1.384190000000000000e+05 3.179930000000000000e+05
1.775790000000000000e+05 3.796100000000000000e+05
1.491300000000000000e+05 3.556680000000000000e+05
1.842890000000000000e+05 3.807600000000000000e+05
2.279780000000000000e+05 3.478670000000000000e+05
2.299500000000000000e+05 3.515380000000000000e+05
1.822290000000000000e+05 3.787400000000000000e+05
1.564470000000000000e+05 3.502050000000000000e+05
1.798560000000000000e+05 3.775470000000000000e+05
1.810490000000000000e+05 3.817860000000000000e+05
1.478980000000000000e+05 3.494460000000000000e+05
2.066740000000000000e+05 3.912090000000000000e+05
1.501310000000000000e+05 3.474290000000000000e+05
2.302590000000000000e+05 3.504090000000000000e+05
1.806300000000000000e+05 3.754830000000000000e+05
1.519070000000000000e+05 3.498170000000000000e+05
1.783240000000000000e+05 3.807470000000000000e+05
1.510490000000000000e+05 3.474140000000000000e+05
1.492240000000000000e+05 3.522050000000000000e+05
1.511020000000000000e+05 3.512930000000000000e+05
1.834590000000000000e+05 3.839450000000000000e+05
2.303920000000000000e+05 3.504750000000000000e+05
2.314060000000000000e+05 3.496160000000000000e+05
1.770960000000000000e+05 3.777720000000000000e+05
1.784940000000000000e+05 3.788790000000000000e+05
1.538790000000000000e+05 3.556240000000000000e+05
1.463750000000000000e+05 3.467950000000000000e+05
1.826080000000000000e+05 3.780300000000000000e+05
1.445010000000000000e+05 3.491720000000000000e+05
1.519170000000000000e+05 3.528910000000000000e+05
1.466000000000000000e+05 3.496940000000000000e+05
1.496520000000000000e+05 3.522580000000000000e+05
1.445880000000000000e+05 3.483940000000000000e+05
1.501940000000000000e+05 3.522570000000000000e+05
1.789070000000000000e+05 3.805450000000000000e+05
1.852100000000000000e+05 3.819180000000000000e+05
1.537830000000000000e+05 3.546290000000000000e+05
2.271100000000000000e+05 3.499400000000000000e+05
1.458650000000000000e+05 3.518950000000000000e+05
1.771650000000000000e+05 3.808070000000000000e+05
1.438510000000000000e+05 3.498860000000000000e+05
1.815350000000000000e+05 3.810880000000000000e+05
1.485390000000000000e+05 3.461930000000000000e+05
2.287530000000000000e+05 3.498550000000000000e+05
1.338080000000000000e+05 3.037910000000000000e+05
1.789190000000000000e+05 3.806160000000000000e+05
1.491740000000000000e+05 3.441520000000000000e+05
1.506390000000000000e+05 3.521040000000000000e+05
1.775480000000000000e+05 3.787940000000000000e+05
1.506700000000000000e+05 3.525630000000000000e+05
2.265020000000000000e+05 3.443640000000000000e+05
1.527940000000000000e+05 3.506590000000000000e+05
1.533600000000000000e+05 3.514580000000000000e+05
1.539120000000000000e+05 3.482130000000000000e+05
1.804480000000000000e+05 3.787120000000000000e+05
1.528410000000000000e+05 3.504400000000000000e+05
1.807980000000000000e+05 3.785530000000000000e+05
1.804100000000000000e+05 3.852680000000000000e+05
1.794870000000000000e+05 3.834420000000000000e+05
1.522870000000000000e+05 3.489710000000000000e+05
1.830620000000000000e+05 3.839740000000000000e+05
1.821710000000000000e+05 3.813030000000000000e+05
1.508930000000000000e+05 3.459740000000000000e+05
2.304530000000000000e+05 3.446530000000000000e+05
1.742230000000000000e+05 3.806520000000000000e+05
2.259440000000000000e+05 3.502870000000000000e+05
1.539290000000000000e+05 3.467060000000000000e+05
2.293970000000000000e+05 3.460280000000000000e+05
1.762540000000000000e+05 3.718810000000000000e+05
1.512790000000000000e+05 3.502550000000000000e+05
2.291080000000000000e+05 3.435340000000000000e+05
1.492290000000000000e+05 3.519910000000000000e+05
1.519610000000000000e+05 3.505140000000000000e+05
2.270500000000000000e+05 3.501830000000000000e+05
2.231620000000000000e+05 3.480730000000000000e+05
1.765000000000000000e+05 3.747240000000000000e+05
1.843870000000000000e+05 3.823510000000000000e+05
2.259230000000000000e+05 3.535270000000000000e+05
2.359980000000000000e+05 3.517390000000000000e+05
1.812970000000000000e+05 3.840740000000000000e+05
1.456560000000000000e+05 3.515070000000000000e+05
2.316670000000000000e+05 3.517520000000000000e+05
2.253400000000000000e+05 3.502720000000000000e+05
2.256970000000000000e+05 3.513720000000000000e+05
1.826790000000000000e+05 3.808290000000000000e+05
1.807440000000000000e+05 3.789220000000000000e+05
2.057970000000000000e+05 4.004070000000000000e+05
1.810770000000000000e+05 3.781760000000000000e+05
1.490500000000000000e+05 3.501680000000000000e+05
1.804640000000000000e+05 3.767110000000000000e+05
1.521600000000000000e+05 3.534800000000000000e+05
2.267540000000000000e+05 3.947680000000000000e+05
1.489870000000000000e+05 3.457500000000000000e+05
2.311140000000000000e+05 3.503690000000000000e+05
1.821430000000000000e+05 3.787290000000000000e+05
2.337520000000000000e+05 3.470500000000000000e+05
2.310950000000000000e+05 3.536510000000000000e+05
1.854140000000000000e+05 3.757270000000000000e+05
1.833670000000000000e+05 3.873450000000000000e+05
1.780200000000000000e+05 3.832210000000000000e+05
1.468600000000000000e+05 3.471270000000000000e+05
1.850910000000000000e+05 3.805910000000000000e+05
2.260180000000000000e+05 3.545280000000000000e+05
1.517490000000000000e+05 3.498300000000000000e+05
1.453790000000000000e+05 3.478080000000000000e+05
2.261820000000000000e+05 3.465060000000000000e+05
1.814140000000000000e+05 3.752840000000000000e+05
1.779970000000000000e+05 3.755460000000000000e+05
2.325690000000000000e+05 3.011680000000000000e+05
1.759240000000000000e+05 3.872860000000000000e+05
2.273990000000000000e+05 3.482610000000000000e+05
2.309900000000000000e+05 3.482480000000000000e+05
2.264580000000000000e+05 3.492070000000000000e+05
2.319060000000000000e+05 3.444480000000000000e+05
2.302980000000000000e+05 3.500120000000000000e+05
1.451530000000000000e+05 3.514530000000000000e+05
2.244120000000000000e+05 3.512310000000000000e+05
1.813420000000000000e+05 3.811620000000000000e+05
1.749890000000000000e+05 3.768480000000000000e+05
1.532230000000000000e+05 4.064900000000000000e+05
2.327140000000000000e+05 3.515450000000000000e+05
1.828540000000000000e+05 3.849120000000000000e+05
2.275390000000000000e+05 3.520540000000000000e+05
1.816690000000000000e+05 3.789920000000000000e+05
2.249870000000000000e+05 3.426050000000000000e+05
2.225520000000000000e+05 3.481910000000000000e+05
2.308850000000000000e+05 3.502280000000000000e+05
1.789550000000000000e+05 3.784170000000000000e+05
1.504280000000000000e+05 3.502230000000000000e+05
2.348910000000000000e+05 3.460240000000000000e+05
1.476010000000000000e+05 3.491540000000000000e+05
1.767530000000000000e+05 3.791440000000000000e+05
1.816500000000000000e+05 3.807390000000000000e+05
2.258410000000000000e+05 3.474160000000000000e+05
1.487790000000000000e+05 3.495240000000000000e+05
1.779040000000000000e+05 3.781900000000000000e+05
1.970480000000000000e+05 3.370250000000000000e+05
2.314980000000000000e+05 3.478630000000000000e+05
2.358620000000000000e+05 3.542200000000000000e+05
1.450970000000000000e+05 3.501080000000000000e+05
1.494880000000000000e+05 3.537060000000000000e+05
2.274240000000000000e+05 3.492780000000000000e+05
1.506260000000000000e+05 3.496950000000000000e+05
1.481630000000000000e+05 3.503570000000000000e+05
1.493920000000000000e+05 3.477130000000000000e+05
2.243310000000000000e+05 3.539160000000000000e+05
1.755120000000000000e+05 3.812700000000000000e+05
1.795250000000000000e+05 3.749160000000000000e+05
1.514020000000000000e+05 3.528100000000000000e+05
1.460130000000000000e+05 4.131530000000000000e+05
1.768370000000000000e+05 3.781460000000000000e+05
1.503870000000000000e+05 3.492210000000000000e+05
1.795960000000000000e+05 3.795200000000000000e+05
1.472670000000000000e+05 3.408550000000000000e+05
2.291320000000000000e+05 3.547470000000000000e+05
1.501500000000000000e+05 3.446130000000000000e+05
1.550510000000000000e+05 3.502420000000000000e+05
1.533110000000000000e+05 3.460680000000000000e+05
2.338910000000000000e+05 3.539990000000000000e+05
1.482570000000000000e+05 3.537210000000000000e+05
1.488510000000000000e+05 3.495260000000000000e+05
2.294430000000000000e+05 3.514170000000000000e+05
1.804670000000000000e+05 3.754680000000000000e+05
1.786170000000000000e+05 3.741040000000000000e+05
2.350410000000000000e+05 3.537960000000000000e+05
2.327540000000000000e+05 3.003480000000000000e+05
1.771680000000000000e+05 3.807810000000000000e+05
2.333040000000000000e+05 3.494990000000000000e+05
2.279050000000000000e+05 3.446780000000000000e+05
1.802200000000000000e+05 3.809700000000000000e+05
2.318490000000000000e+05 3.512200000000000000e+05
1.510120000000000000e+05 3.497340000000000000e+05
2.301790000000000000e+05 3.482410000000000000e+05
1.515880000000000000e+05 2.854780000000000000e+05
1.731000000000000000e+05 3.795990000000000000e+05
1.486880000000000000e+05 3.549800000000000000e+05
1.847080000000000000e+05 3.824740000000000000e+05
2.275730000000000000e+05 3.518180000000000000e+05
1.462620000000000000e+05 3.478980000000000000e+05
1.363470000000000000e+05 3.113760000000000000e+05
2.286800000000000000e+05 3.500740000000000000e+05
2.303930000000000000e+05 3.510970000000000000e+05
1.821950000000000000e+05 3.751710000000000000e+05
2.318930000000000000e+05 3.472150000000000000e+05
1.472650000000000000e+05 3.518370000000000000e+05
1.791280000000000000e+05 3.791360000000000000e+05
1.498680000000000000e+05 3.476890000000000000e+05
1.756940000000000000e+05 3.817170000000000000e+05
1.464620000000000000e+05 3.504340000000000000e+05
1.780860000000000000e+05 3.806060000000000000e+05
2.272940000000000000e+05 3.504850000000000000e+05
1.513210000000000000e+05 3.534860000000000000e+05
1.499420000000000000e+05 3.482210000000000000e+05
2.283640000000000000e+05 3.501760000000000000e+05
1.480540000000000000e+05 3.469220000000000000e+05
2.337260000000000000e+05 3.484490000000000000e+05
1.714560000000000000e+05 3.732790000000000000e+05
1.804820000000000000e+05 3.845360000000000000e+05
1.525030000000000000e+05 3.484910000000000000e+05
2.289810000000000000e+05 3.496070000000000000e+05
2.294750000000000000e+05 3.549620000000000000e+05
1.505200000000000000e+05 3.510160000000000000e+05
1.841500000000000000e+05 3.768580000000000000e+05
1.472620000000000000e+05 3.529470000000000000e+05
1.501880000000000000e+05 3.509760000000000000e+05
1.839330000000000000e+05 3.824010000000000000e+05
2.289020000000000000e+05 3.527310000000000000e+05
1.849730000000000000e+05 3.786130000000000000e+05
1.818080000000000000e+05 3.781120000000000000e+05
2.244410000000000000e+05 3.465830000000000000e+05
1.512780000000000000e+05 3.508760000000000000e+05
2.344010000000000000e+05 3.480880000000000000e+05
1.541620000000000000e+05 3.487850000000000000e+05
2.354730000000000000e+05 3.565780000000000000e+05
1.511190000000000000e+05 3.546650000000000000e+05
1.840340000000000000e+05 3.757240000000000000e+05
1.831120000000000000e+05 3.823810000000000000e+05
1.816960000000000000e+05 3.807650000000000000e+05
2.273550000000000000e+05 3.433420000000000000e+05
2.170490000000000000e+05 4.049200000000000000e+05
1.448350000000000000e+05 3.462330000000000000e+05
1.834790000000000000e+05 3.785240000000000000e+05
1.784390000000000000e+05 3.787770000000000000e+05
2.270670000000000000e+05 3.467450000000000000e+05
1.479880000000000000e+05 3.498190000000000000e+05
1.510220000000000000e+05 3.446570000000000000e+05
2.258700000000000000e+05 3.465750000000000000e+05
1.488480000000000000e+05 3.524110000000000000e+05
1.548390000000000000e+05 3.511700000000000000e+05
2.270550000000000000e+05 3.521860000000000000e+05
2.281450000000000000e+05 3.501570000000000000e+05
2.312330000000000000e+05 3.542470000000000000e+05
1.772400000000000000e+05 3.758520000000000000e+05
1.461610000000000000e+05 3.525940000000000000e+05
1.761460000000000000e+05 3.826450000000000000e+05
2.285130000000000000e+05 3.487130000000000000e+05
1.786950000000000000e+05 3.841570000000000000e+05
1.495130000000000000e+05 3.528430000000000000e+05
1.811270000000000000e+05 3.773260000000000000e+05
1.807440000000000000e+05 3.800810000000000000e+05
1.455330000000000000e+05 3.514410000000000000e+05
1.576670000000000000e+05 3.450180000000000000e+05
1.813360000000000000e+05 3.818520000000000000e+05
1.485550000000000000e+05 3.479640000000000000e+05
2.307530000000000000e+05 3.511910000000000000e+05
1.785940000000000000e+05 3.814020000000000000e+05
2.261740000000000000e+05 3.510730000000000000e+05
2.280330000000000000e+05 3.503890000000000000e+05
1.558610000000000000e+05 3.494570000000000000e+05
2.317360000000000000e+05 3.494030000000000000e+05
1.811110000000000000e+05 3.805180000000000000e+05
2.298160000000000000e+05 3.522570000000000000e+05
2.292690000000000000e+05 3.457660000000000000e+05
1.511300000000000000e+05 3.462180000000000000e+05
2.307150000000000000e+05 3.433700000000000000e+05
2.082760000000000000e+05 3.953950000000000000e+05
2.287530000000000000e+05 3.531480000000000000e+05
2.330010000000000000e+05 3.493780000000000000e+05
1.777370000000000000e+05 3.765060000000000000e+05
1.836150000000000000e+05 3.735540000000000000e+05
2.243570000000000000e+05 3.478280000000000000e+05
1.802190000000000000e+05 3.828450000000000000e+05
1.757390000000000000e+05 3.761800000000000000e+05
1.252720000000000000e+05 3.927740000000000000e+05
1.485270000000000000e+05 3.469910000000000000e+05
2.303730000000000000e+05 3.540440000000000000e+05
1.788750000000000000e+05 3.829960000000000000e+05
1.474110000000000000e+05 4.003130000000000000e+05
2.281170000000000000e+05 3.530750000000000000e+05
1.756900000000000000e+05 3.720260000000000000e+05
2.289430000000000000e+05 3.507520000000000000e+05
1.854950000000000000e+05 3.823750000000000000e+05
2.337400000000000000e+05 3.520200000000000000e+05
2.300370000000000000e+05 3.442610000000000000e+05
1.501120000000000000e+05 3.492880000000000000e+05
1.786200000000000000e+05 3.808660000000000000e+05
2.283520000000000000e+05 3.528890000000000000e+05
1.785110000000000000e+05 3.777060000000000000e+05
1.770000000000000000e+05 3.779640000000000000e+05
2.317660000000000000e+05 3.522780000000000000e+05
1.809060000000000000e+05 3.803510000000000000e+05
2.318910000000000000e+05 3.484120000000000000e+05
1.471920000000000000e+05 3.456950000000000000e+05
2.297870000000000000e+05 3.485780000000000000e+05
2.331610000000000000e+05 3.472340000000000000e+05
1.801200000000000000e+05 3.796740000000000000e+05
2.299650000000000000e+05 3.461000000000000000e+05
1.492600000000000000e+05 3.487480000000000000e+05
1.728150000000000000e+05 3.775460000000000000e+05
1.786460000000000000e+05 3.786050000000000000e+05
2.357340000000000000e+05 3.554760000000000000e+05
2.351720000000000000e+05 3.517560000000000000e+05
1.829380000000000000e+05 3.766720000000000000e+05
2.292300000000000000e+05 3.497960000000000000e+05
2.269000000000000000e+05 3.475460000000000000e+05
1.848770000000000000e+05 3.768180000000000000e+05
2.274110000000000000e+05 3.515220000000000000e+05
2.298710000000000000e+05 3.511560000000000000e+05
1.812450000000000000e+05 3.843210000000000000e+05
2.258210000000000000e+05 3.495980000000000000e+05
2.262340000000000000e+05 3.467140000000000000e+05
1.467970000000000000e+05 3.455810000000000000e+05
1.515040000000000000e+05 3.517100000000000000e+05
2.307370000000000000e+05 3.463410000000000000e+05
1.835600000000000000e+05 3.788080000000000000e+05
2.289170000000000000e+05 3.517010000000000000e+05
2.351950000000000000e+05 3.495550000000000000e+05
1.850660000000000000e+05 3.742970000000000000e+05
1.783860000000000000e+05 3.781870000000000000e+05
2.296970000000000000e+05 3.462090000000000000e+05
1.315920000000000000e+05 3.977870000000000000e+05
1.840230000000000000e+05 3.326260000000000000e+05
1.484010000000000000e+05 3.505550000000000000e+05
1.517090000000000000e+05 3.520470000000000000e+05
2.354720000000000000e+05 3.498010000000000000e+05
1.518780000000000000e+05 3.527930000000000000e+05
2.133330000000000000e+05 4.067600000000000000e+05
1.512600000000000000e+05 3.899610000000000000e+05
2.307300000000000000e+05 3.485220000000000000e+05
1.792940000000000000e+05 3.820990000000000000e+05
2.346300000000000000e+05 3.490240000000000000e+05
2.006830000000000000e+05 3.248160000000000000e+05
1.798280000000000000e+05 3.855610000000000000e+05
1.872460000000000000e+05 3.778190000000000000e+05
2.278610000000000000e+05 3.486330000000000000e+05
1.525000000000000000e+05 3.499230000000000000e+05
1.407660000000000000e+05 3.162490000000000000e+05
1.509600000000000000e+05 3.492470000000000000e+05
1.827580000000000000e+05 3.805780000000000000e+05
1.542730000000000000e+05 3.506550000000000000e+05
1.613160000000000000e+05 3.489710000000000000e+05
1.963150000000000000e+05 3.337830000000000000e+05
1.532820000000000000e+05 3.487390000000000000e+05
2.267780000000000000e+05 3.514740000000000000e+05
2.301460000000000000e+05 3.461500000000000000e+05
2.294880000000000000e+05 3.469070000000000000e+05
1.519330000000000000e+05 3.506680000000000000e+05
1.834860000000000000e+05 3.791750000000000000e+05
2.271830000000000000e+05 3.534930000000000000e+05
2.329240000000000000e+05 3.060960000000000000e+05
2.312470000000000000e+05 3.516170000000000000e+05
1.788900000000000000e+05 3.820880000000000000e+05
2.327060000000000000e+05 3.473690000000000000e+05
1.532870000000000000e+05 3.499670000000000000e+05
1.476030000000000000e+05 3.485810000000000000e+05
2.306290000000000000e+05 3.489370000000000000e+05
2.262720000000000000e+05 3.532000000000000000e+05
2.360090000000000000e+05 3.518450000000000000e+05
2.326980000000000000e+05 3.592630000000000000e+05
1.495890000000000000e+05 3.504690000000000000e+05
1.860400000000000000e+05 3.851310000000000000e+05
1.510050000000000000e+05 3.467510000000000000e+05
2.277710000000000000e+05 3.489700000000000000e+05
2.240540000000000000e+05 3.457110000000000000e+05
1.848420000000000000e+05 3.785530000000000000e+05
2.383070000000000000e+05 3.531340000000000000e+05
1.510150000000000000e+05 3.546230000000000000e+05
1.488170000000000000e+05 3.527330000000000000e+05
1.816090000000000000e+05 3.809660000000000000e+05
2.315500000000000000e+05 3.520250000000000000e+05
1.770400000000000000e+05 3.754580000000000000e+05
1.484540000000000000e+05 3.443280000000000000e+05
1.482360000000000000e+05 3.517070000000000000e+05
2.487330000000000000e+05 3.018820000000000000e+05
2.346790000000000000e+05 3.493470000000000000e+05
1.545450000000000000e+05 3.502950000000000000e+05
1.805380000000000000e+05 3.820520000000000000e+05
1.559380000000000000e+05 3.511060000000000000e+05
2.271160000000000000e+05 3.551690000000000000e+05
1.501150000000000000e+05 3.517590000000000000e+05
1.834510000000000000e+05 3.771220000000000000e+05
2.299140000000000000e+05 3.490240000000000000e+05
2.360560000000000000e+05 3.433060000000000000e+05
1.818560000000000000e+05 3.781040000000000000e+05
1.778370000000000000e+05 3.832110000000000000e+05
1.823330000000000000e+05 3.798410000000000000e+05
1.496050000000000000e+05 3.521020000000000000e+05
1.474610000000000000e+05 3.497080000000000000e+05
2.319870000000000000e+05 3.486850000000000000e+05
2.256600000000000000e+05 3.489130000000000000e+05
2.330350000000000000e+05 3.494810000000000000e+05
2.309620000000000000e+05 3.522190000000000000e+05
1.792530000000000000e+05 3.808510000000000000e+05
1.759660000000000000e+05 3.802070000000000000e+05
2.281270000000000000e+05 3.455710000000000000e+05
1.852200000000000000e+05 3.827420000000000000e+05
1.546770000000000000e+05 3.518450000000000000e+05
2.330600000000000000e+05 3.503750000000000000e+05
1.760090000000000000e+05 3.750220000000000000e+05
2.238830000000000000e+05 3.519080000000000000e+05
1.833740000000000000e+05 3.830880000000000000e+05
1.762250000000000000e+05 3.768680000000000000e+05
1.931130000000000000e+05 3.537610000000000000e+05
1.847380000000000000e+05 3.828380000000000000e+05
1.530700000000000000e+05 3.552360000000000000e+05
2.278720000000000000e+05 3.444430000000000000e+05
1.499930000000000000e+05 3.470870000000000000e+05
2.164730000000000000e+05 4.015120000000000000e+05
2.260780000000000000e+05 3.493550000000000000e+05
1.556000000000000000e+05 3.520020000000000000e+05
1.479990000000000000e+05 3.491490000000000000e+05
1.806010000000000000e+05 3.746280000000000000e+05
1.490600000000000000e+05 3.509210000000000000e+05
1.410930000000000000e+05 2.964280000000000000e+05
1.804230000000000000e+05 3.815190000000000000e+05
1.500020000000000000e+05 3.467760000000000000e+05
1.814860000000000000e+05 3.732490000000000000e+05
1.860420000000000000e+05 3.824300000000000000e+05
1.834650000000000000e+05 3.835340000000000000e+05
1.792280000000000000e+05 3.810300000000000000e+05
1.827560000000000000e+05 3.803390000000000000e+05
1.735150000000000000e+05 3.826550000000000000e+05
2.278340000000000000e+05 3.557250000000000000e+05
2.296470000000000000e+05 3.557060000000000000e+05
1.826140000000000000e+05 3.851260000000000000e+05
1.795960000000000000e+05 3.764780000000000000e+05
1.771230000000000000e+05 3.784650000000000000e+05
1.751800000000000000e+05 3.749500000000000000e+05
1.503570000000000000e+05 3.509790000000000000e+05
2.309250000000000000e+05 3.494010000000000000e+05
1.532690000000000000e+05 3.468270000000000000e+05
1.773850000000000000e+05 3.791400000000000000e+05
1.885110000000000000e+05 3.828820000000000000e+05
1.480190000000000000e+05 3.507020000000000000e+05
2.300340000000000000e+05 3.503990000000000000e+05
2.257100000000000000e+05 3.542900000000000000e+05
1.776890000000000000e+05 3.836760000000000000e+05
2.309920000000000000e+05 3.480270000000000000e+05
2.338970000000000000e+05 3.544720000000000000e+05
1.807400000000000000e+05 3.810090000000000000e+05
2.306610000000000000e+05 3.535850000000000000e+05
1.780820000000000000e+05 3.782340000000000000e+05
1.833710000000000000e+05 3.776450000000000000e+05
2.394930000000000000e+05 3.467110000000000000e+05
2.277520000000000000e+05 3.509280000000000000e+05
1.531330000000000000e+05 3.483670000000000000e+05
1.787200000000000000e+05 3.800840000000000000e+05
1.801270000000000000e+05 3.787520000000000000e+05
2.287980000000000000e+05 3.483070000000000000e+05
1.526460000000000000e+05 3.526830000000000000e+05
1.740620000000000000e+05 3.408480000000000000e+05
2.317010000000000000e+05 3.470540000000000000e+05
1.478200000000000000e+05 3.464080000000000000e+05
1.492130000000000000e+05 3.449920000000000000e+05
2.238050000000000000e+05 3.523800000000000000e+05
1.520630000000000000e+05 3.546000000000000000e+05
1.494420000000000000e+05 3.463980000000000000e+05
1.512170000000000000e+05 3.490320000000000000e+05
1.517840000000000000e+05 3.517760000000000000e+05
1.794400000000000000e+05 3.814610000000000000e+05
1.750900000000000000e+05 3.812040000000000000e+05
1.461800000000000000e+05 3.485650000000000000e+05
2.225260000000000000e+05 4.003850000000000000e+05
2.344260000000000000e+05 3.528090000000000000e+05
1.430640000000000000e+05 3.067000000000000000e+05
1.515780000000000000e+05 3.089140000000000000e+05
1.513050000000000000e+05 3.500360000000000000e+05
1.474760000000000000e+05 3.522470000000000000e+05
1.840230000000000000e+05 3.811880000000000000e+05
1.463670000000000000e+05 3.431340000000000000e+05
1.493200000000000000e+05 3.566630000000000000e+05
2.309050000000000000e+05 3.484550000000000000e+05
1.764880000000000000e+05 3.839070000000000000e+05
1.810950000000000000e+05 3.814860000000000000e+05
1.973970000000000000e+05 3.557020000000000000e+05
1.472900000000000000e+05 3.458440000000000000e+05
1.545080000000000000e+05 4.188670000000000000e+05
1.793740000000000000e+05 3.810460000000000000e+05
1.469920000000000000e+05 3.518930000000000000e+05
1.773040000000000000e+05 3.782680000000000000e+05
2.281020000000000000e+05 3.535480000000000000e+05
1.536770000000000000e+05 3.515620000000000000e+05
1.481020000000000000e+05 3.529320000000000000e+05
2.264330000000000000e+05 3.514080000000000000e+05
2.295210000000000000e+05 3.480900000000000000e+05
1.578640000000000000e+05 3.507140000000000000e+05
2.273720000000000000e+05 3.512730000000000000e+05
2.310530000000000000e+05 3.475510000000000000e+05
1.777340000000000000e+05 3.815180000000000000e+05
1.444080000000000000e+05 3.505110000000000000e+05
2.353990000000000000e+05 3.476200000000000000e+05
2.349950000000000000e+05 3.504130000000000000e+05
1.831710000000000000e+05 3.831470000000000000e+05
1.789530000000000000e+05 3.855660000000000000e+05
1.540520000000000000e+05 3.522550000000000000e+05
1.802460000000000000e+05 3.819320000000000000e+05
1.849770000000000000e+05 3.750750000000000000e+05
1.516690000000000000e+05 3.509820000000000000e+05
1.488200000000000000e+05 3.484930000000000000e+05
1.758030000000000000e+05 3.820010000000000000e+05
1.821980000000000000e+05 3.847780000000000000e+05
1.781700000000000000e+05 3.834020000000000000e+05
1.470330000000000000e+05 3.590480000000000000e+05
1.482430000000000000e+05 3.522700000000000000e+05
1.821620000000000000e+05 3.815160000000000000e+05
2.295680000000000000e+05 3.457110000000000000e+05
1.464570000000000000e+05 3.509700000000000000e+05
1.452060000000000000e+05 3.453020000000000000e+05
1.756090000000000000e+05 3.770000000000000000e+05
1.529750000000000000e+05 3.539450000000000000e+05
1.500480000000000000e+05 3.514080000000000000e+05
1.495040000000000000e+05 3.477550000000000000e+05
1.851500000000000000e+05 3.782840000000000000e+05
2.154560000000000000e+05 4.142520000000000000e+05
2.311260000000000000e+05 3.513180000000000000e+05
1.781560000000000000e+05 3.752670000000000000e+05
1.506930000000000000e+05 3.483560000000000000e+05
1.811560000000000000e+05 3.898390000000000000e+05
1.472940000000000000e+05 3.444010000000000000e+05
1.493260000000000000e+05 3.510130000000000000e+05
1.439700000000000000e+05 3.503690000000000000e+05
2.232740000000000000e+05 3.500400000000000000e+05
1.792070000000000000e+05 3.783550000000000000e+05
1.490970000000000000e+05 3.502670000000000000e+05
2.336960000000000000e+05 3.543920000000000000e+05
1.485380000000000000e+05 3.518750000000000000e+05
1.507460000000000000e+05 3.502470000000000000e+05
1.480310000000000000e+05 3.482840000000000000e+05
2.349490000000000000e+05 3.483150000000000000e+05
1.478140000000000000e+05 3.512870000000000000e+05
1.532030000000000000e+05 3.473420000000000000e+05
2.271730000000000000e+05 3.512530000000000000e+05
1.537780000000000000e+05 3.496240000000000000e+05
1.267070000000000000e+05 3.103990000000000000e+05
2.266030000000000000e+05 3.504000000000000000e+05
2.298740000000000000e+05 3.520490000000000000e+05
1.818460000000000000e+05 3.826580000000000000e+05
1.537740000000000000e+05 3.437600000000000000e+05
2.240700000000000000e+05 3.493610000000000000e+05
1.439300000000000000e+05 3.505740000000000000e+05
2.291340000000000000e+05 3.492610000000000000e+05
2.297130000000000000e+05 3.521050000000000000e+05
2.296080000000000000e+05 3.508280000000000000e+05
1.441620000000000000e+05 3.474250000000000000e+05
1.746980000000000000e+05 3.793900000000000000e+05
2.260870000000000000e+05 3.545800000000000000e+05
1.579880000000000000e+05 3.565320000000000000e+05
2.295460000000000000e+05 3.547180000000000000e+05
1.773310000000000000e+05 3.790880000000000000e+05
1.791190000000000000e+05 3.799400000000000000e+05
1.782710000000000000e+05 3.766340000000000000e+05
2.306440000000000000e+05 3.489800000000000000e+05
1.431780000000000000e+05 3.465870000000000000e+05
2.268180000000000000e+05 3.551550000000000000e+05
2.316670000000000000e+05 3.481030000000000000e+05
2.320070000000000000e+05 3.543370000000000000e+05
1.780120000000000000e+05 3.798420000000000000e+05
1.789570000000000000e+05 3.816960000000000000e+05
2.314780000000000000e+05 3.511000000000000000e+05
1.462910000000000000e+05 3.466710000000000000e+05
1.536160000000000000e+05 3.467450000000000000e+05
1.324450000000000000e+05 3.116280000000000000e+05
2.276370000000000000e+05 3.465490000000000000e+05
1.795390000000000000e+05 3.822880000000000000e+05
2.252410000000000000e+05 3.475990000000000000e+05
2.267440000000000000e+05 3.511910000000000000e+05
2.536450000000000000e+05 3.031970000000000000e+05
2.546110000000000000e+05 3.058590000000000000e+05
1.775270000000000000e+05 3.792680000000000000e+05
1.801870000000000000e+05 3.790680000000000000e+05
1.490770000000000000e+05 3.496210000000000000e+05
1.812710000000000000e+05 3.758700000000000000e+05
2.303490000000000000e+05 3.499160000000000000e+05
2.271250000000000000e+05 3.554040000000000000e+05
1.805850000000000000e+05 3.819440000000000000e+05
1.789850000000000000e+05 3.761030000000000000e+05
1.789290000000000000e+05 3.828200000000000000e+05
1.837450000000000000e+05 3.762560000000000000e+05
1.810110000000000000e+05 3.819410000000000000e+05
1.803180000000000000e+05 3.774400000000000000e+05
2.331180000000000000e+05 3.459030000000000000e+05
1.805390000000000000e+05 3.768130000000000000e+05
2.287950000000000000e+05 3.498790000000000000e+05
1.524770000000000000e+05 3.569840000000000000e+05
1.491770000000000000e+05 3.518170000000000000e+05
1.824420000000000000e+05 3.851530000000000000e+05
1.586310000000000000e+05 3.496220000000000000e+05
2.246410000000000000e+05 3.451110000000000000e+05
1.476930000000000000e+05 3.528940000000000000e+05
1.487040000000000000e+05 3.504450000000000000e+05
2.285410000000000000e+05 3.554120000000000000e+05
1.486400000000000000e+05 3.523060000000000000e+05
1.768200000000000000e+05 3.806400000000000000e+05
1.548470000000000000e+05 3.521400000000000000e+05
1.517220000000000000e+05 3.512630000000000000e+05
1.472980000000000000e+05 3.501130000000000000e+05
1.817050000000000000e+05 3.774660000000000000e+05
2.358140000000000000e+05 3.522420000000000000e+05
1.782840000000000000e+05 3.771230000000000000e+05
1.455120000000000000e+05 3.526480000000000000e+05
2.302680000000000000e+05 3.511610000000000000e+05
1.510760000000000000e+05 3.488580000000000000e+05
1.830320000000000000e+05 3.802570000000000000e+05
1.721410000000000000e+05 3.325810000000000000e+05
1.859880000000000000e+05 3.776600000000000000e+05
1.490400000000000000e+05 3.496650000000000000e+05
2.293520000000000000e+05 3.582530000000000000e+05
1.821230000000000000e+05 3.766100000000000000e+05
2.325760000000000000e+05 3.517120000000000000e+05
2.287570000000000000e+05 3.530750000000000000e+05
2.314350000000000000e+05 3.469680000000000000e+05
1.742850000000000000e+05 3.827440000000000000e+05
1.778030000000000000e+05 3.752270000000000000e+05
1.779630000000000000e+05 3.784620000000000000e+05
1.750860000000000000e+05 3.743340000000000000e+05
1.492280000000000000e+05 3.524390000000000000e+05
1.774650000000000000e+05 3.773420000000000000e+05
2.316830000000000000e+05 3.567880000000000000e+05
1.513460000000000000e+05 3.502380000000000000e+05
2.333870000000000000e+05 4.112090000000000000e+05
2.298940000000000000e+05 3.532800000000000000e+05
2.238040000000000000e+05 3.467950000000000000e+05
2.306960000000000000e+05 3.516060000000000000e+05
1.496270000000000000e+05 3.486570000000000000e+05
2.352510000000000000e+05 3.507790000000000000e+05
1.807450000000000000e+05 3.843820000000000000e+05
2.336600000000000000e+05 3.554800000000000000e+05
1.453150000000000000e+05 3.476830000000000000e+05
1.490590000000000000e+05 3.524050000000000000e+05
1.536230000000000000e+05 3.551210000000000000e+05
1.742090000000000000e+05 3.815070000000000000e+05
2.305960000000000000e+05 3.466960000000000000e+05
1.827600000000000000e+05 3.802290000000000000e+05
1.544130000000000000e+05 3.557560000000000000e+05
2.261400000000000000e+05 3.444650000000000000e+05
1.834820000000000000e+05 3.797920000000000000e+05
2.303930000000000000e+05 3.462230000000000000e+05
1.777050000000000000e+05 3.767050000000000000e+05
1.745220000000000000e+05 3.781680000000000000e+05
2.261600000000000000e+05 3.511560000000000000e+05
1.828840000000000000e+05 3.723450000000000000e+05
1.463490000000000000e+05 3.458380000000000000e+05
1.831270000000000000e+05 3.772970000000000000e+05
1.502460000000000000e+05 3.513160000000000000e+05
1.530690000000000000e+05 3.545000000000000000e+05
1.467900000000000000e+05 3.505340000000000000e+05
2.321310000000000000e+05 3.507450000000000000e+05
1.794100000000000000e+05 3.764100000000000000e+05
1.549850000000000000e+05 3.506020000000000000e+05
2.359180000000000000e+05 3.461020000000000000e+05
1.486910000000000000e+05 3.525330000000000000e+05
1.471770000000000000e+05 3.443030000000000000e+05
1.813510000000000000e+05 3.787730000000000000e+05
2.245150000000000000e+05 3.490790000000000000e+05
1.504520000000000000e+05 3.524890000000000000e+05
1.491520000000000000e+05 3.500900000000000000e+05
1.524570000000000000e+05 3.511660000000000000e+05
1.813770000000000000e+05 3.765670000000000000e+05
2.249870000000000000e+05 4.068960000000000000e+05
2.276820000000000000e+05 3.494840000000000000e+05
1.816280000000000000e+05 3.401570000000000000e+05
1.812980000000000000e+05 3.830240000000000000e+05
1.511740000000000000e+05 3.474350000000000000e+05
2.070290000000000000e+05 3.335310000000000000e+05
2.013640000000000000e+05 3.883210000000000000e+05
1.518640000000000000e+05 3.442160000000000000e+05
1.826480000000000000e+05 3.788200000000000000e+05
2.319330000000000000e+05 3.521420000000000000e+05
1.800170000000000000e+05 3.796770000000000000e+05
1.523700000000000000e+05 3.494800000000000000e+05
2.263070000000000000e+05 3.484380000000000000e+05
2.222050000000000000e+05 3.962760000000000000e+05
1.483180000000000000e+05 3.431930000000000000e+05
2.314460000000000000e+05 3.527140000000000000e+05
2.329880000000000000e+05 3.530500000000000000e+05
1.494860000000000000e+05 3.475510000000000000e+05
1.887010000000000000e+05 3.844750000000000000e+05
1.444660000000000000e+05 3.492960000000000000e+05
2.450050000000000000e+05 3.052870000000000000e+05
1.771270000000000000e+05 3.809350000000000000e+05
1.251500000000000000e+05 4.043570000000000000e+05
1.754980000000000000e+05 3.811700000000000000e+05
1.824520000000000000e+05 3.823650000000000000e+05
1.498810000000000000e+05 3.493940000000000000e+05
2.292470000000000000e+05 3.547930000000000000e+05
1.513900000000000000e+05 3.470630000000000000e+05
2.285610000000000000e+05 3.526000000000000000e+05
2.123130000000000000e+05 3.889900000000000000e+05
