1.684000000000000000e+03 2.041000000000000000e+03
1.912000000000000000e+03 2.525000000000000000e+03
1.724000000000000000e+03 2.410000000000000000e+03
1.656000000000000000e+03 2.185000000000000000e+03
1.860000000000000000e+03 2.131000000000000000e+03
1.898000000000000000e+03 2.395000000000000000e+03
2.265000000000000000e+03 2.567000000000000000e+03
1.875000000000000000e+03 2.455000000000000000e+03
1.818000000000000000e+03 2.194000000000000000e+03
2.163000000000000000e+03 2.736000000000000000e+03
1.601000000000000000e+03 2.106000000000000000e+03
2.258000000000000000e+03 2.445000000000000000e+03
1.747000000000000000e+03 2.221000000000000000e+03
1.679000000000000000e+03 2.545000000000000000e+03
1.859000000000000000e+03 2.490000000000000000e+03
1.681000000000000000e+03 2.090000000000000000e+03
2.238000000000000000e+03 2.599000000000000000e+03
1.973000000000000000e+03 2.472000000000000000e+03
1.682000000000000000e+03 2.263000000000000000e+03
1.609000000000000000e+03 2.150000000000000000e+03
1.700000000000000000e+03 2.542000000000000000e+03
1.914000000000000000e+03 2.422000000000000000e+03
2.275000000000000000e+03 2.543000000000000000e+03
2.258000000000000000e+03 2.182000000000000000e+03
1.686000000000000000e+03 2.220000000000000000e+03
1.960000000000000000e+03 2.204000000000000000e+03
1.786000000000000000e+03 2.215000000000000000e+03
1.975000000000000000e+03 2.493000000000000000e+03
1.954000000000000000e+03 2.489000000000000000e+03
1.784000000000000000e+03 2.194000000000000000e+03
1.664000000000000000e+03 2.234000000000000000e+03
1.857000000000000000e+03 2.577000000000000000e+03
2.272000000000000000e+03 2.409000000000000000e+03
1.995000000000000000e+03 2.202000000000000000e+03
1.570000000000000000e+03 2.078000000000000000e+03
1.751000000000000000e+03 2.195000000000000000e+03
1.748000000000000000e+03 2.316000000000000000e+03
1.665000000000000000e+03 2.038000000000000000e+03
2.028000000000000000e+03 2.541000000000000000e+03
1.745000000000000000e+03 2.185000000000000000e+03
1.753000000000000000e+03 2.493000000000000000e+03
1.747000000000000000e+03 2.458000000000000000e+03
1.687000000000000000e+03 2.200000000000000000e+03
2.179000000000000000e+03 2.665000000000000000e+03
1.646000000000000000e+03 2.205000000000000000e+03
2.040000000000000000e+03 2.088000000000000000e+03
2.025000000000000000e+03 2.237000000000000000e+03
1.659000000000000000e+03 2.267000000000000000e+03
1.949000000000000000e+03 2.529000000000000000e+03
2.095000000000000000e+03 2.264000000000000000e+03
1.944000000000000000e+03 2.364000000000000000e+03
1.685000000000000000e+03 2.242000000000000000e+03
1.673000000000000000e+03 2.280000000000000000e+03
1.741000000000000000e+03 2.265000000000000000e+03
1.972000000000000000e+03 2.510000000000000000e+03
2.106000000000000000e+03 2.532000000000000000e+03
2.421000000000000000e+03 2.381000000000000000e+03
2.220000000000000000e+03 2.264000000000000000e+03
1.926000000000000000e+03 2.542000000000000000e+03
1.960000000000000000e+03 2.503000000000000000e+03
1.530000000000000000e+03 2.065000000000000000e+03
1.712000000000000000e+03 2.138000000000000000e+03
2.193000000000000000e+03 2.533000000000000000e+03
1.837000000000000000e+03 2.287000000000000000e+03
2.200000000000000000e+03 2.535000000000000000e+03
1.618000000000000000e+03 2.238000000000000000e+03
1.941000000000000000e+03 2.458000000000000000e+03
1.696000000000000000e+03 2.061000000000000000e+03
1.965000000000000000e+03 2.453000000000000000e+03
2.048000000000000000e+03 2.324000000000000000e+03
1.676000000000000000e+03 2.243000000000000000e+03
2.120000000000000000e+03 2.256000000000000000e+03
1.768000000000000000e+03 2.217000000000000000e+03
2.005000000000000000e+03 2.437000000000000000e+03
1.684000000000000000e+03 2.301000000000000000e+03
1.703000000000000000e+03 2.244000000000000000e+03
1.727000000000000000e+03 2.139000000000000000e+03
2.209000000000000000e+03 2.536000000000000000e+03
1.596000000000000000e+03 2.286000000000000000e+03
2.211000000000000000e+03 2.506000000000000000e+03
2.069000000000000000e+03 2.155000000000000000e+03
1.774000000000000000e+03 2.349000000000000000e+03
2.194000000000000000e+03 2.529000000000000000e+03
1.537000000000000000e+03 2.513000000000000000e+03
1.612000000000000000e+03 2.196000000000000000e+03
1.960000000000000000e+03 2.110000000000000000e+03
1.910000000000000000e+03 2.352000000000000000e+03
1.968000000000000000e+03 2.229000000000000000e+03
1.771000000000000000e+03 2.506000000000000000e+03
2.424000000000000000e+03 2.489000000000000000e+03
1.932000000000000000e+03 2.240000000000000000e+03
1.667000000000000000e+03 2.410000000000000000e+03
1.725000000000000000e+03 2.193000000000000000e+03
1.659000000000000000e+03 2.712000000000000000e+03
1.981000000000000000e+03 2.467000000000000000e+03
1.676000000000000000e+03 2.212000000000000000e+03
1.716000000000000000e+03 2.281000000000000000e+03
1.927000000000000000e+03 2.232000000000000000e+03
1.686000000000000000e+03 2.559000000000000000e+03
2.292000000000000000e+03 2.554000000000000000e+03
1.965000000000000000e+03 2.413000000000000000e+03
1.504000000000000000e+03 2.129000000000000000e+03
1.621000000000000000e+03 2.413000000000000000e+03
1.545000000000000000e+03 2.538000000000000000e+03
1.677000000000000000e+03 2.182000000000000000e+03
1.694000000000000000e+03 2.541000000000000000e+03
2.019000000000000000e+03 2.514000000000000000e+03
1.718000000000000000e+03 2.360000000000000000e+03
2.060000000000000000e+03 2.466000000000000000e+03
1.935000000000000000e+03 2.377000000000000000e+03
2.201000000000000000e+03 2.627000000000000000e+03
1.752000000000000000e+03 2.309000000000000000e+03
2.093000000000000000e+03 2.461000000000000000e+03
2.245000000000000000e+03 2.594000000000000000e+03
1.682000000000000000e+03 2.291000000000000000e+03
1.715000000000000000e+03 2.555000000000000000e+03
2.099000000000000000e+03 2.612000000000000000e+03
2.002000000000000000e+03 2.451000000000000000e+03
1.990000000000000000e+03 2.435000000000000000e+03
2.256000000000000000e+03 2.612000000000000000e+03
1.949000000000000000e+03 2.475000000000000000e+03
2.109000000000000000e+03 2.154000000000000000e+03
1.631000000000000000e+03 2.347000000000000000e+03
2.038000000000000000e+03 2.196000000000000000e+03
1.994000000000000000e+03 2.117000000000000000e+03
1.656000000000000000e+03 2.203000000000000000e+03
1.941000000000000000e+03 2.610000000000000000e+03
2.028000000000000000e+03 2.522000000000000000e+03
1.701000000000000000e+03 2.521000000000000000e+03
1.994000000000000000e+03 2.162000000000000000e+03
1.965000000000000000e+03 2.300000000000000000e+03
1.625000000000000000e+03 2.065000000000000000e+03
1.786000000000000000e+03 2.255000000000000000e+03
1.648000000000000000e+03 2.212000000000000000e+03
1.653000000000000000e+03 2.322000000000000000e+03
1.689000000000000000e+03 2.050000000000000000e+03
1.568000000000000000e+03 2.509000000000000000e+03
1.666000000000000000e+03 2.267000000000000000e+03
1.586000000000000000e+03 2.279000000000000000e+03
1.668000000000000000e+03 2.164000000000000000e+03
2.068000000000000000e+03 2.448000000000000000e+03
2.145000000000000000e+03 2.471000000000000000e+03
1.799000000000000000e+03 2.128000000000000000e+03
1.644000000000000000e+03 2.600000000000000000e+03
2.039000000000000000e+03 2.451000000000000000e+03
2.204000000000000000e+03 2.494000000000000000e+03
1.594000000000000000e+03 2.098000000000000000e+03
1.818000000000000000e+03 2.143000000000000000e+03
1.605000000000000000e+03 1.982000000000000000e+03
2.190000000000000000e+03 2.513000000000000000e+03
1.939000000000000000e+03 2.475000000000000000e+03
2.017000000000000000e+03 2.488000000000000000e+03
1.969000000000000000e+03 2.546000000000000000e+03
1.728000000000000000e+03 2.200000000000000000e+03
1.684000000000000000e+03 2.065000000000000000e+03
1.900000000000000000e+03 2.425000000000000000e+03
2.201000000000000000e+03 2.667000000000000000e+03
1.498000000000000000e+03 2.173000000000000000e+03
1.696000000000000000e+03 2.177000000000000000e+03
1.823000000000000000e+03 2.594000000000000000e+03
1.692000000000000000e+03 2.334000000000000000e+03
1.946000000000000000e+03 2.481000000000000000e+03
2.017000000000000000e+03 2.480000000000000000e+03
2.068000000000000000e+03 2.222000000000000000e+03
2.173000000000000000e+03 2.451000000000000000e+03
1.736000000000000000e+03 2.189000000000000000e+03
1.689000000000000000e+03 1.979000000000000000e+03
1.790000000000000000e+03 2.023000000000000000e+03
1.869000000000000000e+03 2.437000000000000000e+03
2.081000000000000000e+03 2.082000000000000000e+03
1.563000000000000000e+03 2.021000000000000000e+03
1.653000000000000000e+03 2.288000000000000000e+03
1.916000000000000000e+03 2.617000000000000000e+03
1.766000000000000000e+03 2.246000000000000000e+03
2.232000000000000000e+03 2.324000000000000000e+03
1.692000000000000000e+03 2.469000000000000000e+03
1.616000000000000000e+03 2.413000000000000000e+03
1.847000000000000000e+03 2.310000000000000000e+03
1.634000000000000000e+03 2.037000000000000000e+03
2.073000000000000000e+03 2.177000000000000000e+03
1.930000000000000000e+03 2.487000000000000000e+03
2.027000000000000000e+03 2.497000000000000000e+03
1.629000000000000000e+03 2.291000000000000000e+03
2.002000000000000000e+03 2.164000000000000000e+03
1.703000000000000000e+03 2.183000000000000000e+03
1.513000000000000000e+03 2.215000000000000000e+03
1.732000000000000000e+03 2.231000000000000000e+03
1.693000000000000000e+03 2.108000000000000000e+03
1.623000000000000000e+03 2.140000000000000000e+03
2.262000000000000000e+03 2.523000000000000000e+03
2.187000000000000000e+03 2.761000000000000000e+03
1.678000000000000000e+03 2.290000000000000000e+03
2.343000000000000000e+03 2.530000000000000000e+03
1.808000000000000000e+03 2.320000000000000000e+03
1.597000000000000000e+03 2.585000000000000000e+03
1.652000000000000000e+03 2.207000000000000000e+03
2.062000000000000000e+03 2.001000000000000000e+03
1.650000000000000000e+03 2.492000000000000000e+03
1.998000000000000000e+03 2.349000000000000000e+03
1.877000000000000000e+03 2.452000000000000000e+03
1.637000000000000000e+03 2.222000000000000000e+03
1.798000000000000000e+03 2.390000000000000000e+03
2.073000000000000000e+03 2.128000000000000000e+03
1.739000000000000000e+03 2.414000000000000000e+03
1.646000000000000000e+03 2.565000000000000000e+03
1.599000000000000000e+03 2.046000000000000000e+03
1.904000000000000000e+03 2.539000000000000000e+03
1.892000000000000000e+03 2.467000000000000000e+03
2.192000000000000000e+03 2.592000000000000000e+03
2.284000000000000000e+03 2.401000000000000000e+03
2.271000000000000000e+03 2.301000000000000000e+03
1.978000000000000000e+03 2.467000000000000000e+03
2.130000000000000000e+03 2.128000000000000000e+03
1.992000000000000000e+03 2.501000000000000000e+03
1.681000000000000000e+03 2.212000000000000000e+03
1.710000000000000000e+03 2.112000000000000000e+03
1.971000000000000000e+03 2.176000000000000000e+03
2.247000000000000000e+03 2.441000000000000000e+03
1.692000000000000000e+03 2.305000000000000000e+03
1.661000000000000000e+03 2.072000000000000000e+03
2.244000000000000000e+03 2.406000000000000000e+03
2.041000000000000000e+03 2.506000000000000000e+03
1.637000000000000000e+03 2.147000000000000000e+03
2.153000000000000000e+03 2.359000000000000000e+03
2.204000000000000000e+03 2.526000000000000000e+03
1.593000000000000000e+03 2.100000000000000000e+03
2.247000000000000000e+03 2.469000000000000000e+03
1.611000000000000000e+03 2.194000000000000000e+03
1.889000000000000000e+03 2.501000000000000000e+03
1.513000000000000000e+03 2.257000000000000000e+03
2.038000000000000000e+03 2.143000000000000000e+03
1.886000000000000000e+03 2.229000000000000000e+03
2.005000000000000000e+03 2.495000000000000000e+03
1.977000000000000000e+03 2.478000000000000000e+03
1.950000000000000000e+03 2.220000000000000000e+03
1.594000000000000000e+03 1.976000000000000000e+03
2.265000000000000000e+03 2.509000000000000000e+03
1.710000000000000000e+03 2.490000000000000000e+03
1.634000000000000000e+03 2.546000000000000000e+03
1.765000000000000000e+03 2.678000000000000000e+03
1.937000000000000000e+03 2.424000000000000000e+03
2.286000000000000000e+03 2.577000000000000000e+03
1.645000000000000000e+03 2.425000000000000000e+03
2.072000000000000000e+03 2.501000000000000000e+03
1.597000000000000000e+03 2.080000000000000000e+03
1.684000000000000000e+03 2.370000000000000000e+03
1.929000000000000000e+03 2.527000000000000000e+03
1.793000000000000000e+03 2.478000000000000000e+03
1.587000000000000000e+03 1.946000000000000000e+03
1.643000000000000000e+03 2.456000000000000000e+03
2.171000000000000000e+03 2.667000000000000000e+03
2.172000000000000000e+03 2.488000000000000000e+03
2.334000000000000000e+03 2.526000000000000000e+03
2.078000000000000000e+03 2.457000000000000000e+03
2.304000000000000000e+03 2.406000000000000000e+03
1.602000000000000000e+03 2.540000000000000000e+03
2.327000000000000000e+03 2.487000000000000000e+03
1.610000000000000000e+03 2.244000000000000000e+03
2.228000000000000000e+03 2.374000000000000000e+03
1.595000000000000000e+03 2.228000000000000000e+03
2.097000000000000000e+03 2.545000000000000000e+03
1.611000000000000000e+03 2.595000000000000000e+03
1.751000000000000000e+03 2.591000000000000000e+03
1.679000000000000000e+03 2.619000000000000000e+03
1.769000000000000000e+03 2.218000000000000000e+03
1.716000000000000000e+03 2.275000000000000000e+03
2.316000000000000000e+03 2.494000000000000000e+03
1.658000000000000000e+03 2.011000000000000000e+03
2.252000000000000000e+03 2.570000000000000000e+03
1.875000000000000000e+03 2.451000000000000000e+03
1.800000000000000000e+03 2.407000000000000000e+03
1.716000000000000000e+03 2.486000000000000000e+03
2.015000000000000000e+03 2.263000000000000000e+03
1.984000000000000000e+03 2.184000000000000000e+03
2.075000000000000000e+03 2.067000000000000000e+03
1.818000000000000000e+03 2.091000000000000000e+03
1.706000000000000000e+03 2.246000000000000000e+03
1.963000000000000000e+03 2.208000000000000000e+03
2.032000000000000000e+03 2.248000000000000000e+03
1.759000000000000000e+03 2.090000000000000000e+03
1.709000000000000000e+03 2.467000000000000000e+03
1.565000000000000000e+03 2.556000000000000000e+03
2.019000000000000000e+03 2.461000000000000000e+03
2.007000000000000000e+03 2.604000000000000000e+03
1.788000000000000000e+03 2.582000000000000000e+03
1.876000000000000000e+03 2.515000000000000000e+03
1.539000000000000000e+03 2.465000000000000000e+03
2.155000000000000000e+03 2.500000000000000000e+03
1.952000000000000000e+03 2.495000000000000000e+03
1.615000000000000000e+03 2.509000000000000000e+03
2.000000000000000000e+03 2.495000000000000000e+03
2.310000000000000000e+03 2.492000000000000000e+03
1.679000000000000000e+03 2.104000000000000000e+03
1.977000000000000000e+03 2.273000000000000000e+03
1.737000000000000000e+03 2.293000000000000000e+03
1.679000000000000000e+03 2.074000000000000000e+03
2.160000000000000000e+03 2.423000000000000000e+03
2.061000000000000000e+03 2.584000000000000000e+03
1.671000000000000000e+03 2.335000000000000000e+03
1.573000000000000000e+03 2.195000000000000000e+03
