0.3800863652082255 0.9093814772324905 0.6533370036059836 0.9355327116009021 0.9548244755661361 0.15921300307277142 0.29288188476470933 0.715329792818695 0.5246107549352123 0.15731647371134394 0.5380621603216702 0.10480039849000355 0.0929907218113043 0.9480030994758164 0.2842223993306401 0.08852644121457964 0.5002308757652384 0.9895652411017526 0.5657369678916517 0.7497261994946717 0.06422310763064176 
0.8845865041741647 0.3547629254132887 0.13912058619242118 0.3417053305281339 0.7881415548615496 0.8174969752527419 0.8562650081899925 0.9990629509307786 0.2936583785692677 0.833740026553478 0.8495161006904709 0.5778354889989574 0.1718722609943426 0.7559384836152144 0.24781909227617072 0.7173716454254031 0.4244940370922967 0.049511349808774696 0.7231659719392981 0.3159190880890874 0.8634561084131809 
0.2428769301359779 0.22813451454642353 0.19642175084577218 0.008754797206984466 0.07176935503598492 0.523155236617733 0.25275117302092964 0.11104175050234211 0.4186607562260971 0.7433596398774325 0.4607356807116567 0.708985051371723 0.5279862341246186 0.643698508164198 0.22712887946980476 0.2761173170669933 0.11370024180563287 0.9790799300057408 0.12622552248851537 0.7075510731172925 0.13744619874997765 
0.22140754153045972 0.4038878883885082 0.5761762829638637 0.6322481964536594 0.8760115645902976 0.36940582289417556 0.008359141794119895 0.03978125830254753 0.6985377850975854 0.7908194229060982 0.31368530524094573 0.3948928570472886 0.4225087815335937 0.27909085559986824 0.04549377673370003 0.9387252005043478 0.8303331438441549 0.6029657852637844 0.5661526163995938 0.7456825331777697 0.5843490278698391 
0.4732579257345373 0.34757558627002827 0.4819560094569517 0.06637221758012168 0.10614192210658757 0.2556046022097387 0.5350872551342643 0.2671512424497958 0.8078134857664494 0.6458286455413228 0.7274295252102536 0.59427880477352 0.4092276205187301 0.5825853854728318 0.6763611405124075 0.7598468250597283 0.059104790413122 0.015241976112461586 0.21374376747665802 0.5403023551116476 0.3026636024674012 
0.37900531562534645 0.9321262392679133 0.45863661894911445 0.019147165204737027 0.41580085238682385 0.3760234079019613 0.748113057585094 0.8492484041131677 0.38165191632335294 0.1916186463273477 0.6526549123688709 0.39515283483616537 0.17977451977631564 0.8482434932398151 0.4651240871121395 0.7019814154825442 0.05521017523163885 0.06084275328872424 0.9520415529053061 0.6193919073142836 0.38220883132142414 
0.23708435970927566 0.9938938846907555 0.49778979668770507 0.09288526649107853 0.6398182542714995 0.18820776540073625 0.08939469638364395 0.9226529309399284 0.10316201149052473 0.6654329595078463 0.4543946953149116 0.9271359031972114 0.4648912737001024 0.37683958719396726 0.21420660432180005 0.40613348243598923 0.7249552296776832 0.40796260037521725 0.434931621034813 0.16523830908226367 0.6431135809282553 
0.7788180201867969 0.9048389763944206 0.744755937662089 0.1318725186473062 0.7786945938390368 0.058076561875094024 0.054935719043483267 0.41978844901795465 0.8174479015801328 0.8894377746629055 0.9108020456237507 0.13532647388515973 0.04338625511085126 0.31620774571490573 0.3763643655487675 0.6428675637572127 0.09050466936200108 0.20538242797100636 0.9600975158940273 0.3255495443888716 0.17384586680143344 
0.6118043899831229 0.4571339722629677 0.2941165878904446 0.23548129726083955 0.3611045858002644 0.5996549603411983 0.9875285833538873 0.7704699405887097 0.12732749824541267 0.27377573963700064 0.7948816892639708 0.9231834849147297 0.44494224337339094 0.6772934472720504 0.2402871555350159 0.577785619697051 0.16758023111412623 0.37072032242851416 0.42212656914751523 0.2954296776854627 0.6088420850627022 
0.021195716353852534 0.45089980935836804 0.22617235139067382 0.06612108933371807 0.9750716643161478 0.9950184401016179 0.23409821333573122 0.2053799465861601 0.2421626429906263 0.5843118761204535 0.604898678967202 0.07973002646079164 0.23437311705706532 0.4573238755823744 0.4190602055238346 0.2320612740752066 0.9203855415846365 0.19978753116430903 0.31259315117045594 0.9875733438158564 0.07087322968883936 
0.20824247190446799 0.4279476158310851 0.9763860577530123 0.5013555847641328 0.4528856328948646 0.027971092399056485 0.5952923152856286 0.8382491366287096 0.9451692016231694 0.24104364600311012 0.5699825769116511 0.6811634434420052 0.2284501307719462 0.7561841169714796 0.0887314416760886 0.36388910646298145 0.9592853799264417 0.4929325743270092 0.7082959719375154 0.7844792465388002 0.3958717008553214 
0.06732122015526742 0.7641270741865362 0.9808111878267697 0.37376062813843725 0.09419433792026377 0.6393081285733773 0.5717382454132707 0.3747673147912527 0.8322784498171463 0.1545561450725189 0.13330595124707423 0.14758231906125807 0.7916365572032802 0.36187534021855816 0.13716869144027477 0.0994127557241048 0.4016325188492299 0.5657118807125915 0.5974747564682046 0.5040863977275662 0.6083663751546735 
0.40476164130217474 0.45607295153514504 0.06411459051305057 0.9244719643199588 0.5860651235129685 0.8982593756096762 0.7144749205330173 0.0054732240432107115 0.286393546801463 0.9389959927377378 0.7678151082878804 0.47112309880841363 0.21032964365484075 0.7847858286418107 0.19244526578302157 0.6217121022521375 0.18462078660592107 0.5345154388524974 0.6042298359557599 0.08545846813140179 0.1966635494189689 
0.3186006263367591 0.8583235273801211 0.36513951289351354 0.04705904472126099 0.6762352865440973 0.8884808875864858 0.09463956011142205 0.966612964632257 0.70747685053855 0.7156658909226518 0.18146249031074047 0.6334023000895351 0.08961226293611091 0.5287530569122236 0.053819234316588416 0.24988123250914185 0.6852035618490452 0.609800509157285 0.07356261892800253 0.7511639256244476 0.8148822923578252 
0.5676644980386761 0.9904940003850397 0.30186482776342294 0.40944116587625723 0.2361195030572074 0.6331244749245218 0.47487918393892226 0.7158757276894142 0.40168386187719407 0.7448706028267837 0.3099467128288401 0.45669394307484956 0.6453249410397099 0.03654818691104822 0.11749565029014075 0.27787653334519025 0.23305955910284126 0.9601823933018876 0.6697848872468344 0.32106831935267677 0.9385233028417775 
0.4508000455316499 0.23658790985332023 0.6556928669309972 0.7903768782199294 0.8180388121306622 0.03630640731293744 0.36345921812929116 0.4103804103609182 0.7795316710764494 0.11645109394464503 0.1317459441504687 0.2958495183145241 0.9926957816056173 0.38111121392752434 0.21996720000158343 0.6849748669370852 0.07050923867268988 0.7192402225506422 0.9152417811784002 0.0751940068473651 0.3366008215512125 
0.0735055701823143 0.6884194064270037 0.20184297833246312 0.08104991197107869 0.25140801863054807 0.9684865986051522 0.6705571166690824 0.9163192941764161 0.1492994399267361 0.5743321400603739 0.7471609337160634 0.8734120380886565 0.5119842456247585 0.32405700890028066 0.201486744689248 0.6781022886050577 0.8594976306028116 0.7086237980117674 0.31727115438002995 0.6362125477949705 0.4063414322201747 
0.8588683589656438 0.8779660846654704 0.9486213955652474 0.8870224598409715 0.3113271532518277 0.6799865990191887 0.8633648256728526 0.27876421962663855 0.9070950035804071 0.07271150580447683 0.5907602762766015 0.3904757780918282 0.02747794500439571 0.7098455749930671 0.8314999435531426 0.0036487030422778233 0.2954872686290123 0.37444389351697405 0.7429692067631399 0.04877880005620738 0.7853218081968891 
0.13100366055061874 0.22496955942895625 0.144456556129143 0.8468818600680329 0.04311610288550649 0.864073773595292 0.36794647492587207 0.4922930541011078 0.5186754606832172 0.3743085788845464 0.4785258097453533 0.42266230406399974 0.4087919420951279 0.2805188474835424 0.12267332315628598 0.5213224913851742 0.908453572709408 0.6559804710182778 0.6845629331252279 0.6480472333781907 0.08279734483648249 
0.6654610713920769 0.521833735075568 0.25348659630531634 0.17932813995231167 0.6510352535012197 0.7364235829542435 0.9997541539804874 0.6532962555649 0.9624733663218681 0.7063618404644482 0.2709159564450807 0.7172516829926403 0.13831621499937097 0.6015581540564862 0.18093357328636162 0.7554126849294518 0.5200959106972756 0.5392503842444072 0.21988986805429722 0.3775381878424805 0.29398760393567136 