0.7193510468868223 0.7414671338102631 0.037285571383790295 0.9060395407356726 0.362237745705959 0.29427101875302564 0.5030873485796545 0.310622611202804 0.6217473154015365 0.4658823763527863 0.7138012883940142 0.11080914641573125 0.37973526083149745 0.8108625033382117 0.9229814920368008 0.593236827746793 0.8725390810585715 0.9960046070838546 0.7885320623736839 0.3957133794419453 0.7805881058679727 
0.5320537196146535 0.9977632026983498 0.5994981398819671 0.8346207694075409 0.5924325330047744 0.02170386632261523 0.1080549557526076 0.3724236513660649 0.8809223800454951 0.08942731995600395 0.11182507739011127 0.6769424017462652 0.6393612733947162 0.7839676846649294 0.7002426725366862 0.4036208943188666 0.483313640156525 0.9746638429105595 0.7745528638391442 0.22919197944929537 0.15077010335746954 
0.013094856393854992 0.25654348841139607 0.06520227565305359 0.26600988864813746 0.045332863494262576 0.9449767901227576 0.08321961115960719 0.4495481798855617 0.07503993580640089 0.17961626939548903 0.4311228083580808 0.6485460095387852 0.4261086923292339 0.741708053485465 0.9364361685111025 0.6478846138364078 0.5733047467745311 0.07020543085468178 0.48051813171692526 0.36783466544356136 0.02249944864527753 
0.335830458818584 0.2581622222540044 0.812043788223796 0.05422031383771975 0.48309283069911424 0.5785855646705254 0.7073512354116768 0.8300703978791469 0.5399007268173481 0.42422318986918583 0.6170990503881133 0.2960143088163214 0.5260263267087302 0.9847976324664204 0.1965812809081966 0.07705950573767517 0.6592978235031604 0.4992200678487213 0.06715063902935403 0.14396636776554417 0.8872923483715692 
0.36036841319755286 0.3639098310069805 0.15545733849536136 0.5539276256720463 0.052418105432446516 0.03873503603281081 0.3881510205515263 0.806545756138023 0.39586143340204494 0.692819064271504 0.20477164346391596 0.40396617328168316 0.8781908642993141 0.4958638886329766 0.47966220090085077 0.32606946418365135 0.33227222366511766 0.16410786713671788 0.6652057918563646 0.4475327549589484 0.7816042244298186 
0.6230871520097014 0.8355669571781877 0.025094921534844827 0.986669770277011 0.8216547327675768 0.004886237988395159 0.9286530670568968 0.12901258871125576 0.21789265778361067 0.43080699336948114 0.6659436101963191 0.9438672181409693 0.8556735045698489 0.20142450832130887 0.06957074867670177 0.3219717801209002 0.2283805495150376 0.10237537334790536 0.9034839624526143 0.6356249083418981 0.5035650496233591 
0.5925826957383505 0.6525256183974143 0.35984834184305026 0.8858443434545646 0.00046560713697541 0.047074288944038534 0.8041842482186246 0.6395355137104991 0.6362728920153848 0.6276475837796888 0.26195555148150085 0.9112151749282232 0.8815523459480344 0.44196240472974335 0.7905844732441165 0.3708963474859496 0.3165117649514516 0.14891991692382578 0.8823190293510098 0.8874258878167626 0.5877870909077422 
0.16818215660564506 0.04219977325725399 0.30174026115341723 0.3627557265630963 0.6221788266565518 0.7064399151790041 0.11977694160035135 0.734560018182201 0.3009280523867419 0.016018795300520416 0.3247316269130962 0.7769770181472596 0.4007511870502096 0.20838880613104427 0.6299406654060863 0.8596906692999918 0.28626100493306206 0.8044951510869695 0.5052131449602095 0.1010775709438072 0.8160560389088116 
0.06922636104246449 0.11445258563997596 0.4765184406776324 0.7023357130612045 0.8659882001175395 0.5153666960986325 0.9322495235419347 0.4726563259223011 0.5904927142285888 0.9358215134500334 0.9720575448576579 0.954996304045315 0.07909769713519832 0.6645807716040861 0.1220214913307901 0.38868284479294724 0.21423593165436272 0.3740555435546262 0.8761567615788844 0.3154019376698687 0.10932547433975293 
0.6976659422415542 0.8342290516319076 0.14613431574395241 0.5058891179395439 0.028383484981125195 0.12559587105016368 0.7908931326805093 0.8518267995511606 0.1639109673352792 0.2652667387992238 0.0003363541473816456 0.14770419250683797 0.5467347537368354 0.7788456883868162 0.4447706608216846 0.3658712371472287 0.8442235447234642 0.34108461837555537 0.18107810525470325 0.17556248361580495 0.2478670445917177 
0.14128469618059902 0.11888504655403398 0.11769292697166633 0.4109115975846014 0.9907636063530164 0.49497665963815896 0.067777610881812 0.4355611247334157 0.5392670330290331 0.7751813400180416 0.5082904589528409 0.8997982833618541 0.6332814862485511 0.9934036851464421 0.6856227501152354 0.742574119342024 0.8668414700633402 0.0969273374694758 0.9281344518060112 0.4712676354973827 0.518000896960643 
0.49702284616061776 0.7547123572323641 0.7016764457734675 0.0417694803216806 0.7555777170479658 0.5973559703741991 0.5551465305803238 0.7606997846203771 0.8412990804466753 0.4855693450916093 0.3238933146877657 0.017463614720105713 0.7104684933485044 0.7427435321805687 0.7828248548132727 0.04120538600344681 0.2115163830008524 0.5255068897520218 0.3942683926427675 0.4348024820796119 0.28759653705889787 
0.16754681957760886 0.24133646043102652 0.512914766146518 0.3912813106220049 0.2816338533516207 0.7833541062877467 0.8978166982804268 0.5721114954356968 0.8726497378859299 0.9658314744852298 0.6141000863442319 0.14985774750721814 0.7278936147360613 0.1278518370238375 0.36507971157807884 0.4782361676566489 0.7969683849717711 0.8797935011830043 0.975649838103105 0.2595302654265814 0.07830355597919703 
0.17506432538093808 0.38281392889815846 0.9242156108789312 0.48338172219904474 0.02110898861523891 0.871252565751219 0.1559013862980385 0.4579511766922234 0.00889526177761768 0.522571185182153 0.8635359799786981 0.05098640621620132 0.7266537631285721 0.2224678032886861 0.8013092094497225 0.642146551525713 0.19066599615740465 0.23432433456269652 0.013303754820669034 0.584512407559712 0.3538904329369119 
0.6258778357949851 0.6356609010105192 0.19170878408004144 0.6977498634688142 0.7474857802737479 0.7411728988278111 0.09189274168364125 0.3723050251272736 0.2600086870142455 0.24345902239118322 0.14275181295279904 0.16041323353091652 0.4590508393298629 0.8519313032083947 0.17662191949828177 0.8322950592159116 0.11809214617655361 0.5200743027925994 0.0579572073718555 0.38654222956981377 0.5634823948828616 
0.6585138836724121 0.38822539143462 0.854030534961344 0.389166262375651 0.015037533998106922 0.8600783361496059 0.38099253399333577 0.3433377573318558 0.8684895316539369 0.10931950863435036 0.7295501337806959 0.7547671041592343 0.25143260189137806 0.8036132554694071 0.42039935281553265 0.7081990717859113 0.7761448833748371 0.8957825416981903 0.7605540371204662 0.49956991117356175 0.41940725390466493 
0.30314418003128996 0.9399971707205745 0.5256221935536087 0.46359919701846786 0.14091215294323378 0.3868530383544251 0.3474612833919434 0.25908141398476126 0.9063406663854736 0.3141545751045135 0.05699617036049598 0.20539669128538973 0.17641327966973352 0.1073185718629488 0.8417981502709682 0.7530938291026209 0.28323759112882907 0.7190654304299668 0.5269620222217742 0.1783922902718713 0.450127627008002 
0.8648187435938515 0.9417198936234502 0.34062373235171384 0.8844652478455926 0.08312829848079173 0.4231689647678195 0.8791873832029211 0.8657980666754556 0.9667896714394326 0.255985538077558 0.3155566707752412 0.9010425297595128 0.432976821421722 0.021343733655145414 0.21345912673768253 0.20824199260552345 0.8845749210884138 0.03869997154848537 0.9698239518317657 0.8847085877934572 0.48780185078868965 
0.8007270207268647 0.9917176948586586 0.4869949785606553 0.36998740924550566 0.5885707234814438 0.05498001318966517 0.10466006255219229 0.06633520144044536 0.08208392157699995 0.47111207305185254 0.6451257555526997 0.8461299696633144 0.16727755576229808 0.6138888426958964 0.8105933801841342 0.4561244721940365 0.28048700864818377 0.2901564896316009 0.9317028646738924 0.6993244430146416 0.411193763290139 
0.4313133830838477 0.766325032840173 0.7143774331542535 0.09205976617271927 0.318888653837866 0.47646731933277053 0.4191577052317753 0.28376729509802434 0.3763201538431188 0.12932452061463173 0.6710913289378722 0.2902551444120197 0.2772788066162678 0.11333032514593067 0.41884555091818754 0.6975289543906015 0.9589125942929568 0.3723786620014624 0.17193342655835853 0.7748016281559793 0.8933970908381709 