0.16010517316999406 0.4060200436344097 0.24379894156818993 0.8728192420620883 0.4648883455264099 0.0757564468956361 0.9260538108187877 0.6970188039329577 0.590057217963442 0.41078341349469505 0.7356535597837051 0.5547900965776886 0.2539845418974752 0.8077062107117182 0.9139734842194313 0.1378219913747415 0.20928070502366103 0.004137620525636598 0.4988689919628757 0.6476260648546537 0.5862144888296112 
0.46424056875970365 0.030368883081228426 0.05249031753029221 0.8050151328996193 0.42432443140171006 0.4503123879688141 0.885829707518283 0.9442829233521172 0.5514055659666703 0.22624889939980697 0.19778636117142 0.31513517608442077 0.7596723999655435 0.444185356115261 0.7566893161855066 0.2621446819459704 0.5819656491292672 0.8963065970976364 0.475568520362891 0.3198890970740452 0.9394618284106977 
0.9825372033512965 0.6555825084518968 0.811173885219499 0.16051707107573898 0.279910686397868 0.5938211968240037 0.10331284762478143 0.4747127784295425 0.2773355377383534 0.1928890620680357 0.11754079750614599 0.9254566413593273 0.9157870893983261 0.966665979585846 0.9826471861650663 0.8026996902337845 0.6790798366284648 0.8899037279798488 0.2189349399344659 0.6988899620587449 0.519129974979825 
0.08019870148268204 0.5065632243906781 0.7396479115538265 0.8675829648257303 0.9258021887755807 0.5306436089683363 0.8765452701523018 0.8767265431132149 0.5478821461784481 0.8025212017065574 0.5482558070726083 0.07676152012152049 0.38586298484146053 0.905489257291098 0.06443505287463447 0.47689832761871753 0.5188647313492829 0.710521262481381 0.5533164400259669 0.25673050977403256 0.6475956755373469 
0.717047806136432 0.7394098494746535 0.8098160859133133 0.05234085389804177 0.04138107604190078 0.9291683672122288 0.1355292607449431 0.358827643895274 0.08416450301221712 0.8538210448876574 0.6312410264104286 0.9349093472974968 0.2542534258808703 0.2838267436259825 0.6102989391895188 0.2756761778657545 0.4189860550362815 0.8081653229808563 0.9016470965510388 0.3275191454855465 0.22806985216545106 
0.8895820282832259 0.7077602511180799 0.94167692761208 0.04551315517954391 0.7417942226923518 0.7692879856557286 0.498976185971713 0.4121692764556657 0.5821873243491065 0.8649794188085506 0.5178224370866334 0.9653996217796623 0.5005114072905702 0.7578181069844323 0.7681323943945985 0.13092797911785847 0.62240091390705 0.906861466605922 0.1287257947282503 0.8172454911006471 0.5027743292544614 
0.05722011920778458 0.19945770960715126 0.16159000527061007 0.8181718099260381 0.474842405009292 0.9084977993659821 0.0024220887284389647 0.36895354157989346 0.3744737282780485 0.8018354793041642 0.7118554782647899 0.740307082496347 0.6219864163709222 0.9123944878349466 0.9500308937397985 0.10972182264812258 0.7986258648238039 0.24257166406540687 0.5120027593165325 0.6935704083113468 0.6187571168643128 
0.5586924120405699 0.9781290963318046 0.5443768150912941 0.08149714672612329 0.9141787784961277 0.5661286237715442 0.8399048711321463 0.5200164667667406 0.9839471926540144 0.9717181199505768 0.5707362912540299 0.5913048444080091 0.8824170737825245 0.04714962810611978 0.9014928933335286 0.6446415534034136 0.1507260112636185 0.42885374165368295 0.07025412760009053 0.17860401084965305 0.32924561325707624 
0.02867684886202837 0.430289839857948 0.6260323939630313 0.0733517067229319 0.8757932369717634 0.506200473885573 0.291264930063571 0.8662474000832845 0.7623020910900656 0.41024082661544425 0.9377507569694004 0.9649895371112557 0.14019897689553518 0.0177361606736397 0.7192159903822927 0.5312874917472862 0.10759639431668422 0.929692196931675 0.19471968924340122 0.4859593185637501 0.1799217215452662 
0.6666640072461748 0.15736651191579332 0.19883826693341122 0.6503899947969943 0.3298171096526282 0.9497309515596278 0.6163558586998276 0.39732848967161816 0.27504130991279685 0.543736257040328 0.7534345575578932 0.975268062383927 0.5007398948039447 0.706590955358658 0.542493625650654 0.5558854657009492 0.3809737633819409 0.5021963977051451 0.9212577965149765 0.6221944826458521 0.3723287181113084 
0.6153985292742196 0.40586131664737135 0.34149236247615145 0.47788701624910346 0.619547878694157 0.9297632407478862 0.057448217917450695 0.08311189979486722 0.07351170134304064 0.19908661441441655 0.06515347260808968 0.1546461766616145 0.5919669703678485 0.700766813924329 0.7650732806694654 0.9323035740622446 0.4663195443231475 0.7389696862194121 0.6785750718249136 0.6928724655049355 0.4397043814511269 
0.4110812544343768 0.6245155739426141 0.636709589599252 0.02955671275628302 0.7861828172638519 0.4826101194342296 0.18624422061571677 0.13071111710930805 0.3864765052224075 0.21440858867195456 0.7065141353963202 0.25207222122386586 0.584906132827946 0.005698637113279115 0.23819865606525892 0.8311849890986303 0.8216308917608763 0.9097721854460141 0.15212871603567812 0.41296005837680794 0.4784360139612426 
0.6727902005977374 0.17432117820660453 0.862237486440779 0.963624793244845 0.4230266709648445 0.48607725728662754 0.6334308126689664 0.6888455917772891 0.402251216955716 0.3374698763280194 0.39130982055749686 0.7597488869339168 0.2487251439851058 0.44149904854788913 0.5069436427932604 0.13038597786347572 0.35692675021198894 0.7066495578756798 0.9266280804615905 0.024717199577681703 0.763596629503253 
0.3231256661421429 0.3975281824941599 0.6149656002325502 0.6709992484524299 0.38241837492229 0.3576006432387673 0.46526815746757455 0.6374661999447584 0.5713183039175961 0.8507182461826283 0.48086021427995884 0.8669987904224077 0.5231613342648532 0.5650454987114085 0.6273571494970395 0.17483741070657421 0.6857831335264948 0.5630001837247075 0.18304064068963732 0.8661237254199238 0.5572392446015063 
0.18041690905179708 0.5291868278383217 0.9509454124329764 0.6663126586003587 0.055459222912362494 0.9766311213427998 0.27403716266166267 0.10268985678947706 0.6635841387151247 0.725483730335348 0.06804775751689063 0.9776863027947563 0.728989551936604 0.9485114455553005 0.3514193998396521 0.7979688887856448 0.5790493945755919 0.6093049859598194 0.702526321714654 0.7120434719304344 0.6459207895274606 
0.6068631200672752 0.3389359457978143 0.5842755320219329 0.4414597265109931 0.7249534332519038 0.34482498215243007 0.2755729945461761 0.21726424602223016 0.2559397105851271 0.45941329905039374 0.06774760666120716 0.7475889893350182 0.3910046872600843 0.013904265563606688 0.3175561169643236 0.5085480374133223 0.5600133915273399 0.7478429338074262 0.05512849964511024 0.08715536291095194 0.6215954176523192 
0.3412720948730903 0.4447331223237865 0.036372790603383054 0.6643180560534118 0.8640645906003552 0.87640160957271 0.4104323506304398 0.8674850300819921 0.1031864218502847 0.5591379267874517 0.8780774649637147 0.000790753276597167 0.11995764373721196 0.006153080801532207 0.0471633973179898 0.052652944339162455 0.3294837784789607 0.5545164068331278 0.36735594249503223 0.49674751235572134 0.13154418427111925 
0.15315690886541677 0.37636099364408293 0.16449451312057062 0.5456545824947588 0.48881544886444395 0.3601903783737598 0.3140231776151564 0.1446721161225325 0.2308278610515727 0.7368624923942644 0.6091945516230654 0.889584668611322 0.8817638035817171 0.4728498153744525 0.558187679395328 0.1153515840413013 0.11314583829130109 0.10803674512758032 0.6499986537848166 0.8716565448010831 0.06664999825488993 
0.6499466851552508 0.7455929367581865 0.9064912699400581 0.4646166476527279 0.9514656190325252 0.9077482972206127 0.8319475178033848 0.15676675208095425 0.5861813078137695 0.49622017619243575 0.36616862350271906 0.47217837392903017 0.5727754645754424 0.4428223562980854 0.15436865801292587 0.6842205090115425 0.6416207326109123 0.969016454582782 0.6193778352360513 0.5846378986959254 0.4247938893218052 
0.4005209445372606 0.711866432396375 0.017423693791247752 0.9631575915481919 0.2596912374731647 0.4187706995569337 0.8539401242941794 0.9706779190876946 0.6310972182396346 0.1610991873075841 0.33333046585444936 0.6959465996258454 0.3948489877566026 0.07299816919657542 0.7528244103716359 0.8769033104712829 0.2911716234035223 0.5742857573005814 0.350283951862263 0.6992120579857065 0.15838398828369493 