0.5257453341135636 0.1376286935061919 0.7832322759946871 0.015700074821198173 0.6501630016238266 0.13917613051659816 0.6744467881132491 0.9226531613897462 0.9353819370620301 0.016086899820831113 0.8275670972773379 0.938258281230498 0.9886938150652916 0.7359641572383236 0.5028233756892831 0.29277171444546124 0.23712562826557004 0.6490850443766318 0.3184356555899378 0.043434069831149835 0.6030493836979145 
0.3664822524728526 0.6012821680745639 0.5069463472070793 0.6939381835762884 0.20151569998036722 0.8774856778185087 0.6996295136888255 0.06350883515110106 0.8684341707954973 0.8689084443285617 0.06188713509811594 0.7856578970470626 0.26382095356555146 0.601850201577603 0.8777792135813746 0.3031609982673925 0.6570876233339539 0.863458534457699 0.3967793711533679 0.3141791334983459 0.4961275277261953 
0.6834116955680237 0.7644858384145236 0.9792571019364974 0.2627854197521008 0.5696745572664517 0.9241053091072433 0.10453738601113016 0.7167608413959217 0.08013449865578604 0.3624285547984204 0.7444853052139225 0.5169575292586779 0.7264745658260239 0.1563163948953652 0.5004877407920643 0.8129164580917174 0.960742812611581 0.5707808137581813 0.7295556953480927 0.7931861779468689 0.325962841838901 
0.6275324211025773 0.30245650324632056 0.4242214056795517 0.4648190292283254 0.29994955579129445 0.5490410868033037 0.246569015459973 0.037262121858948616 0.7441730044123858 0.7116142841532536 0.04838169893254052 0.06856724385168411 0.7933636877391922 0.45474657013100717 0.09850325628625634 0.31366014147161503 0.5286857533383617 0.6918406753947793 0.03420087849490516 0.49492918178387446 0.5418281190121343 
0.99432105075968 0.6644639505115008 0.08371416165904344 0.22822439652048077 0.5259709503882158 0.685447400952634 0.428183967252042 0.7793270479338616 0.4573389859802611 0.7333384574079189 0.9470279768436936 0.707244574620191 0.151315638442995 0.28548212187143973 0.7767179859093801 0.9954726821588478 0.022917204166192473 0.09525791298585717 0.05884346888966674 0.13005937150225266 0.38734582214560465 
0.04256156414618928 0.011368973831307527 0.907594148763469 0.6915949793234847 0.6302402011064274 0.8992045904486234 0.9691986149071552 0.4026995492786436 0.5990486517877758 0.7575061305769054 0.42607772003481914 0.12961863650537775 0.72420555481831 0.4225011052345834 0.16236876380512488 0.814730941547869 0.5164905781378544 0.48933072030849245 0.34991020978170106 0.9396373523057566 0.03656820616813983 
0.05485445502112829 0.7603580532475833 0.010326930589283134 0.8581388126139697 0.5069027692948256 0.2988495445337943 0.03467112236767733 0.709775108109571 0.8280386145222729 0.9190875613462622 0.14050054337374573 0.7274641866946088 0.17467147837996522 0.15901132585936395 0.2720516225508519 0.16264811931762602 0.057461777856961715 0.36122664295053364 0.6319035197477431 0.3845804679819681 0.7513029639732619 
0.6480458000353666 0.046944521833045094 0.14219518243263995 0.15355654472467284 0.806656044890139 0.612212553915107 0.8105991436659171 0.9629783936713487 0.8425877440851852 0.261464416401201 0.9855546430628151 0.9331061870081109 0.9851879423994201 0.7682755470333066 0.06512321588895176 0.46963737177736553 0.692478919630031 0.3968985130577537 0.09111524200545984 0.8756180435013199 0.4685971749667357 
0.683155730309338 0.01870212192340548 0.8508637658448615 0.630389006925175 0.9526162274367498 0.484353067443706 0.5422929207218288 0.1944019220771871 0.3658764733003713 0.9158547782987787 0.6042612616418187 0.013196775234414426 0.28384524018157054 0.22996176866616658 0.5314971077292012 0.09929195230371168 0.13543145851091165 0.7206777959541475 0.20356179891925907 0.5443692305262744 0.845631269989998 
0.36159842491591454 0.3465783192769527 0.8463186374301096 0.3030200176250445 0.8495686974087071 0.29316687504301775 0.3857334961825736 0.344923285425793 0.9936385147887841 0.1524286435437081 0.24008992543081664 0.8112349126495385 0.5037822962514968 0.32844060478142967 0.38411912894280265 0.08331797940273822 0.9354430165630578 0.9037279201134483 0.917955037824636 0.862812193642661 0.17554800310361252 
0.009789689502926802 0.8712583521370366 0.5375754668064358 0.08556558538313497 0.5571190335673822 0.24823544933224495 0.3946816323496589 0.5288869264111892 0.35948374175461417 0.30721065745327825 0.5830166910260998 0.6541506034344209 0.09759431935036622 0.14323800589363744 0.0947600720602253 0.12050272587118471 0.3394805093328708 0.7656156612024343 0.9442037863820574 0.13896678934765627 0.8923750150112708 
0.5679264765146429 0.15457703906959885 0.4299798447366262 0.4917435191451146 0.8235584588661351 0.6300090758421402 0.8267176079394922 0.9808834793790525 0.5358363006863008 0.6564538521030804 0.2946624972706078 0.4969588342325406 0.5036303476974106 0.8265903682945082 0.40531001242367315 0.6517099780346094 0.9563565833698559 0.431078653655829 0.9107690893977657 0.6683444731917793 0.6816461187457004 
0.66906621191884 0.8268251504979469 0.46277074087519177 0.5587000903669944 0.7041517202274573 0.6484692100553507 0.8754121214982791 0.3078005073851686 0.4218990023398973 0.512486944894455 0.7497423944105321 0.9078522454867598 0.4957743031174885 0.6362064449128996 0.046967876799264396 0.6062027638843835 0.16915941783701216 0.5845535674036793 0.7171453110304743 0.9355090372298531 0.5429738011932543 
0.11129022331625538 0.5236665482424823 0.3458448268968899 0.3643919395156431 0.005768582550408019 0.5725345413296299 0.37032324920791837 0.4546521705275802 0.4193142704949707 0.019670187984661025 0.7314186492035321 0.6178420634090835 0.7784788275245136 0.27821124919717355 0.7206327172861392 0.7588954454234721 0.16526816988446025 0.6475007565107957 0.6792586908437824 0.19137495887394596 0.084758917962932 
0.2943184516806754 0.0067323064120998755 0.6362486144225378 0.6356799163712821 0.18315328841174816 0.315458051599386 0.6521425702800084 0.11189417617454578 0.1959963734566812 0.19565681128319945 0.8159766870717176 0.517467019357938 0.7613663744134022 0.44284370829901487 0.981659204744045 0.3702704397224035 0.4939169075718304 0.3186443537335001 0.5739859321384267 0.28474233960303197 0.19576526278975215 
0.0832123901566234 0.8295719264898679 0.17638791910392193 0.6764321418403987 0.8011097079988151 0.6644736941055718 0.29309425179493886 0.6521509264623696 0.5059544822546378 0.5862229821901519 0.5282001492194884 0.04306237755088238 0.09007022247286622 0.9017005764473264 0.18342535487338107 0.5682949188746058 0.0819394961573715 0.5674740388068965 0.5379864212346379 0.13215338965846224 0.01973375135242339 
0.8584223942781858 0.9581030894799648 0.6925417586396001 0.4430183125596825 0.08234486169189004 0.563372765012394 0.9133323326262038 0.3164024175369915 0.4515119799673595 0.6713050082104388 0.24046686820956764 0.879717541086485 0.17263369661099537 0.4384232246663007 0.4718498046750377 0.8692781768530073 0.14949324411145404 0.3630523543826485 0.6113943314149348 0.0708935679822803 0.20439233426140913 
0.7942905212381844 0.2961626706107702 0.12306314507340965 0.7037522469230543 0.9948651049949174 0.22478628381278554 0.6228580144499698 0.0319722499081625 0.3173697908791956 0.9148075296199775 0.23422364514906557 0.5463206741642183 0.1147819776015433 0.8118935123716328 0.014576538780548542 0.289828380252819 0.3047629017614859 0.9026219890560588 0.980677171054743 0.8122361874855666 0.2700825768813627 
0.5486793357530791 0.5206423802976263 0.18385194599733 0.8814701061682131 0.39274699302830574 0.43928820581848904 0.4580620421518863 0.3423641444958375 0.77077816025244 0.38579221294445887 0.4412748224270403 0.5795039580943397 0.4223020162852613 0.3561875551683259 0.4465360333286448 0.12422049759629827 0.026444731867967697 0.9350660680952158 0.11408345796396646 0.7250606337451632 0.8309515304082722 
0.02902953885002091 0.6048465095565462 0.6564245399110916 0.46233636968263614 0.3613248010486976 0.23409869213850276 0.7998672814944783 0.5416655603297209 0.6475038215070417 0.7293364713258464 0.9046955602411478 0.6903249777969803 0.8883797848830755 0.048692567011511034 0.585670698215607 0.9042337766045203 0.08000248087042894 0.2741405687611397 0.17521165226233115 0.12306502319096868 0.3675669412096143 