0.2129145345781065 0.3063659405181811 0.5053079312054636 0.4122202688735668 0.657577962012179 0.2725624041552962 0.6838606162821989 0.4645332280899521 0.7247489890550621 0.19491561716871464 0.11799455895708244 0.5079441725293228 0.9727878631988103 0.9256893099788546 0.2648339226301618 0.524955693932066 0.5431306802546931 0.8297161899391543 0.48548712212191225 0.4684343218817987 0.5805306523469599 
0.47406575737456624 0.9870037726909094 0.3990053615103538 0.9962104714036379 0.07605650173090817 0.6186458067256033 0.99886935419057 0.7789818298283071 0.6446576035233917 0.5377623754182856 0.45000673841825 0.2126304006325942 0.15451886076899046 0.8109664007174201 0.008682623716538718 0.052997708113499686 0.011422976342307378 0.5704178254753254 0.5742496179965294 0.4297266180710214 0.3147116136563246 
0.3317559176480571 0.49126544772396763 0.997388337878607 0.7092202488544317 0.015540279300283566 0.5312691433487018 0.4732672926170065 0.9674755267329959 0.60223578927116 0.743324758581967 0.011330134363734201 0.7959846205037958 0.7462591819917551 0.6708771787792782 0.9577238112644982 0.9815143756603456 0.54975035275578 0.17746255927508503 0.942579500688457 0.9078682348957013 0.5125111562281538 
0.4674586992699895 0.8617880564861009 0.9358863276038417 0.09745187494789376 0.23315583701514153 0.1565871976218809 0.6999379979481074 0.525317970396175 0.710064735571799 0.8647965544617382 0.7195564840931994 0.740891345627316 0.8219670325256259 0.4477457282124736 0.5773735340660039 0.3666031486250412 0.98776881166285 0.025814382718961637 0.13019692769553404 0.06462938695221265 0.8288514190850018 
0.5205233027186927 0.6362320680217279 0.6362754035513521 0.04207989110862953 0.9168976323255892 0.630308677137693 0.3643058416910965 0.3399421928486641 0.9667940232210364 0.6623360262564554 0.5595745524290147 0.42105634299819583 0.5278595355389547 0.9004162586858871 0.6948508652931039 0.11893936418424045 0.7855968830111487 0.26801024233174076 0.4886048931353075 0.6719561798418625 0.34629361965901295 
0.1695291677014742 0.968661276078808 0.011001877573496133 0.07150786334432502 0.10591027973695 0.35233796985057764 0.6581052811396763 0.28572121989127297 0.007999155359598387 0.7315402185919885 0.8732220904911211 0.6533020693532986 0.9721075060465583 0.32230104889806555 0.6227427317618696 0.8819457714241954 0.9856987920517607 0.6550277676453273 0.09700032844051742 0.2834122781631896 0.7427158413299033 
0.5011749000052911 0.3434105563775497 0.5544223430119366 0.4733050981986756 0.42899550831211963 0.9513585824955099 0.5155299200189377 0.7190868300175804 0.08475102358824771 0.6089770992044711 0.5566345093603997 0.9210224558565439 0.4837748653654479 0.015626464698607512 0.28820551264566185 0.3626497735783888 0.9936277862959959 0.21660517459789685 0.2771314178248119 0.8460233111238799 0.06891846250521139 
0.17277256539557873 0.8211459377045262 0.1249849082309673 0.2429251215756516 0.27927667839430814 0.2612808515356946 0.24177016244018235 0.03210239413147342 0.991924479915034 0.8092399717854104 0.6906102142095255 0.984092455338414 0.6057209689142471 0.7589774615925701 0.32132820990971633 0.9050525420216299 0.39757927817887184 0.9798346260366146 0.8166069766298115 0.8460694082632747 0.017447692267891557 
0.33078769877729153 0.5644447858902707 0.3052212842874171 0.22827484260065944 0.04288267917444066 0.3088672511706423 0.1017211450328086 0.5134118212600737 0.766075336300356 0.46414575814455417 0.8159629001185333 0.09303271170193028 0.3939745117314183 0.8219164786895901 0.5491970948063486 0.08138503492755067 0.39061882277859006 0.43872853875188256 0.359033936959298 0.7173535369070817 0.7317308750858935 
0.785759071948565 0.25519668002936546 0.013097898729224844 0.12171321746550534 0.9911677558727183 0.13134355946886156 0.33601906463604303 0.5641874350110652 0.26880026324043227 0.1406120688999699 0.6211176316933786 0.5773948370298817 0.7944487427612654 0.6212030603497503 0.21526670651801005 0.15223050711359842 0.28497158330088024 0.2900151237137448 0.5124154388139136 0.766417978292058 0.7030800785555994 
0.09760434249895877 0.5680745437909205 0.7531788304017657 0.4745026516569105 0.7704937624252028 0.060947614323037747 0.02225861720059774 0.7758763336844128 0.38746668915797455 0.7215156524945883 0.2839483319012076 0.10026134678922616 0.8202588880901625 0.4845085891672053 0.06812364541821636 0.5794500280702544 0.42763689190421306 0.15747602285875972 0.2268709560904274 0.3911173406307159 0.6635597065413072 
0.7905583954095379 0.5550164331257847 0.9399626672864093 0.3676437255202145 0.5785632592247575 0.9003952494109332 0.9197475138824244 0.737934898557508 0.9963233033813209 0.9492595601185515 0.32748349372694774 0.06723406028604784 0.24541093032885142 0.9766812790279217 0.38865291562837967 0.8769507333949205 0.16193268637517788 0.45276118277499755 0.5423892329614407 0.7068666729922884 0.15886493351486997 
0.5808656105523634 0.8745606694550779 0.10098603195710687 0.16458782055805243 0.35105273498168155 0.19953854899258627 0.7620780299279682 0.2514753603947858 0.7478738383078156 0.9054652354286769 0.06368710357199181 0.5922310115092433 0.33895255115964584 0.6373669409555561 0.9901646756684265 0.07233648493316558 0.9691049064203673 0.6649217569956118 0.07074635776063853 0.9833826135584447 0.43379477073247064 
0.6304082791446449 0.10483548896080286 0.006959217588490718 0.5362876774825277 0.3170393235858707 0.9542987446233853 0.9503537354955939 0.8347620241521597 0.1825252153841891 0.40979318530177333 0.7755399696665171 0.5354796927963726 0.04767368513517056 0.6522682755623767 0.08560091947574822 0.7950236953855709 0.4827447907422143 0.8438380808908384 0.033726354043822404 0.04677134433467678 0.14391661787427046 
0.843811995450228 0.4216209056805307 0.30797666787512346 0.18931583901210003 0.07526476118979153 0.48843566910950875 0.3512123168929795 0.8204175548101599 0.45920200095377284 0.7831850319885341 0.0018472353204882497 0.35092545833789157 0.9536093991128266 0.15501690374626964 0.23479802556234208 0.9948660809234051 0.4174636122012283 0.46978166939233534 0.22254757614504073 0.3690726487338988 0.9209875824430496 
0.7314796753722915 0.8427654679042467 0.13620589902016422 0.36238009730145704 0.2952530863451822 0.12139669211888982 0.14984042828134758 0.5281986649860039 0.6593568021797719 0.577862933623043 0.2688295926975448 0.5277152428960288 0.6328483482510202 0.40924732190745583 0.7323964619906269 0.9686965847770683 0.6737459063298904 0.9701470527282152 0.35225410302209803 0.531036132591685 0.7400016177746052 
0.191912983888178 0.49707972807698675 0.8848447657927037 0.28627078395930594 0.42209030729210273 0.2812560953114156 0.8146355468681314 0.2809800409297397 0.8328208762298958 0.3275019398568578 0.7129277835590739 0.26454009560671543 0.6173035551124422 0.3879566821729824 0.9324308600477964 0.32713937917143976 0.8619633959131505 0.09797821488440495 0.43748767096173224 0.7993596843123263 0.635640103641903 
0.872308159303553 0.4993921562971798 0.16982210311203383 0.9346079865276111 0.2873164966626671 0.8760103918074313 0.596512436437528 0.12473710079156242 0.44090826793332405 0.23980955925038916 0.7195956689475256 0.4781155733040704 0.41260785521055476 0.3700655688471767 0.9521145965887094 0.36952588718279034 0.41923502296840875 0.8565572572410782 0.9987660491970383 0.9984932450821074 0.0732821324655093 
0.22827235516852662 0.6384550783254882 0.3886895734257111 0.7561795189542181 0.5285279640503284 0.8853466450473771 0.9136480750307158 0.8850738009448559 0.16622437117400735 0.07964311316332551 0.6975813065840019 0.6571774066571026 0.4126166339311643 0.5460641643400348 0.5911126060061138 0.6624092832648303 0.060168244035148866 0.08876979432425236 0.3577213303705252 0.11983594715513812 0.1908488876026887 
0.09681991620375008 0.8733627188125872 0.2000220655062518 0.5374174860850024 0.5301296276055196 0.30256759095812646 0.9913943587089097 0.4634669522947683 0.43322512082717013 0.07031635136479464 0.3575002750765214 0.9371206882525901 0.7135515903164631 0.9168582809561711 0.7767424396690431 0.8395478984641297 0.8038607254811618 0.8826768515265677 0.7025564144197514 0.9360918535062197 0.9824628927298689 